Row Labels,Sum of usa_gross_profit,Sum of usa_gross_income,Sum of budget,Sum of avg_vote
2000,1033052006,6923552006,5890500000,807.2
Cast Away,143632142,233632142,90000000,7.8
Scary Movie,138019771,157019771,19000000,6.2
How the Grinch Stole Christmas,137044825,260044825,123000000,6.2
What Women Want,112811707,182811707,70000000,6.4
Meet the Parents,111244045,166244045,55000000,7
Mission: Impossible II,90409889,215409889,125000000,6.1
Big Momma's House,87559438,117559438,30000000,5.2
Remember the Titans,85654751,115654751,30000000,7.8
Gladiator,84705427,187705427,103000000,8.5
X-Men,82299718,157299718,75000000,7.4
Traffic,76115725,124115725,48000000,7.6
Erin Brockovich,73595205,125595205,52000000,7.3
Chicken Run,61834564,106834564,45000000,7
Miss Congeniality,61807667,106807667,45000000,6.2
Bring It On,57379000,68379000,11000000,6
What Lies Beneath,55464351,155464351,100000000,6.6
Road Trip,52540777,68540777,16000000,6.4
Scream 3,49143175,89143175,40000000,5.6
Snow Day,47020107,60020107,13000000,5.1
Chocolat,46509363,71509363,25000000,7.2
Rugrats in Paris: The Movie - Rugrats II,46507756,76507756,30000000,6.1
Next Friday,46328603,57328603,11000000,6.2
The Perfect Storm,42618434,182618434,140000000,6.4
"Me, Myself & Irene",39570999,90570999,51000000,6.6
Nutty Professor II: The Klumps,39309890,123309890,84000000,4.4
"Dude, Where's My Car?",33729800,46729800,13000000,5.5
Charlie's Angels,32305545,125305545,93000000,5.5
Romeo Must Die,30973336,55973336,25000000,6.1
Final Destination,30331147,53331147,23000000,6.7
The Cell,28334059,61334059,33000000,6.3
My Dog Skip,28134641,34134641,6000000,7
Space Cowboys,25464773,90464773,65000000,6.4
Shaft,24334258,70334258,46000000,5.9
Unbreakable,20011339,95011339,75000000,7.3
"O Brother, Where Art Thou?",19512588,45512588,26000000,7.7
Where the Heart Is,18772838,33772838,15000000,6.8
Men of Honor,16818921,48818921,32000000,7.2
Memento,16544867,25544867,9000000,8.4
Pitch Black,16240659,39240659,23000000,7.1
The Whole Nine Yards,15962492,57262492,41300000,6.7
The Family Man,15793305,75793305,60000000,6.8
Coyote Ugly,15786269,60786269,45000000,5.7
The Tigger Movie,15554533,45554533,30000000,6.3
U-571,15122415,77122415,62000000,6.6
Frequency,14010278,45010278,31000000,7.3
Gone in Sixty Seconds,11648571,101648571,90000000,6.5
Book of Shadows: Blair Witch 2,11437094,26437094,15000000,3.9
Dinosaur,10248063,137748063,127500000,6.5
Boiler Room,9970581,16970581,7000000,7
Down to You,9069008,20069008,11000000,5
Finding Forrester,8804714,51804714,43000000,7.3
Return to Me,8722798,32722798,24000000,6.9
Best in Show,8715392,18715392,10000000,7.4
You Can Count on Me,8216804,9416804,1200000,7.5
American Psycho,8070285,15070285,7000000,7.6
Keeping the Faith,8047880,37047880,29000000,6.3
Urban Legends: Final Cut,7468807,21468807,14000000,4.3
Love & Basketball,7459615,27459615,20000000,7.2
The Kid,4691949,69691949,65000000,6.1
The Patriot,3330342,113330342,110000000,7.2
Pollock,2598593,8598593,6000000,7
The Gift,2008642,12008642,10000000,6.6
Shanghai Noon,1937502,56937502,55000000,6.6
Bounce,1805288,36805288,35000000,5.7
Rules of Engagement,1335230,61335230,60000000,6.4
Shadow of the Vampire,293784,8293784,8000000,6.9
The Skulls,46120,35046120,35000000,5.6
Requiem for a Dream,-864518,3635482,4500000,8.3
The Watcher,-1053385,28946615,30000000,5.3
The Contender,-2127277,17872723,20000000,6.9
The Way of the Gun,-2444339,6055661,8500000,6.7
High Fidelity,-2712863,27287137,30000000,7.5
Animal Factory,-3556195,43805,3600000,6.6
Loser,-4381374,15618626,20000000,5.3
The Replacements,-5262941,44737059,50000000,6.6
Vertical Limit,-5756141,69243859,75000000,5.9
28 Days,-5829512,37170488,43000000,6.1
Quills,-6434668,7065332,13500000,7.3
Pay It Forward,-6480372,33519628,40000000,7.2
Bamboozled,-7725021,2274979,10000000,6.5
Small Time Crooks,-7733641,17266359,25000000,6.7
The Million Dollar Hotel,-7940011,59989,8000000,5.9
Dancer in the Dark,-8615964,4184036,12800000,8
Cecil B. Demented,-8715354,1284646,10000000,6.3
Brother,-9549406,450594,10000000,7.2
Nurse Betty,-9829946,25170054,35000000,6.1
Tigerland,-9860308,139692,10000000,7
Dr. T & the Women,-9886959,13113041,23000000,4.6
The Next Best Thing,-10009418,14990582,25000000,4.7
Bedazzled,-10113020,37886980,48000000,6
The Beach,-10214973,39785027,50000000,6.7
The Ladies Man,-10383390,13616610,24000000,5.2
The Emperor's New Groove,-10697313,89302687,100000000,7.3
Ready to Rumble,-11605673,12394327,24000000,5.4
Center Stage,-11799075,17200925,29000000,6.7
Highlander: Endgame,-12188142,12811858,25000000,4.6
Boys and Girls,-13200348,21799652,35000000,5.4
102 Dalmatians,-18042974,66957026,85000000,4.9
Reindeer Games,-18631005,23368995,42000000,5.8
Gossip,-18891180,5108820,24000000,5.9
Dracula 2000,-20977233,33022767,54000000,4.9
Drowning Mona,-21493236,15506764,37000000,5.7
Hollow Man,-21790660,73209340,95000000,5.8
The Yards,-23110648,889352,24000000,6.4
Hanging Up,-23949770,36050230,60000000,4.9
Under Suspicion,-24739438,260562,25000000,6.5
Autumn in New York,-27238085,37761915,65000000,5.7
Almost Famous,-27465150,32534850,60000000,7.9
Dungeons & Dragons,-29608030,15391970,45000000,3.6
The Art of War,-29791401,30208599,60000000,5.7
Proof of Life,-32401069,32598931,65000000,6.2
Lost Souls,-33184747,16815253,50000000,4.8
Wonder Boys,-35606443,19393557,55000000,7.2
Bless the Child,-35618506,29381494,65000000,5.1
Bait,-35674873,15325127,51000000,5.8
Mission to Mars,-39116593,60883407,100000000,5.7
All the Pretty Horses,-41459647,15540353,57000000,5.8
The Road to El Dorado,-44136258,50863742,95000000,6.9
Thirteen Days,-45407911,34592089,80000000,7.3
Little Nicky,-45535225,39464775,85000000,5.3
The 6th Day,-47395720,34604280,82000000,5.9
The Flintstones in Viva Rock Vegas,-47731725,35268275,83000000,3.6
Get Carter,-48632818,14967182,63600000,5.2
The Legend of Bagger Vance,-49080832,30919168,80000000,6.7
The Adventures of Rocky & Bullwinkle,-49994180,26005820,76000000,4.2
Battlefield Earth,-51528315,21471685,73000000,2.5
Titan A.E.,-52246574,22753426,75000000,6.6
Red Planet,-62519110,17480890,80000000,5.7
Supernova,-75769545,14230455,90000000,4.9
2001,1557339917,7633289917,6075950000,905.1
The Lord of the Rings: The Fellowship of the Ring,222544750,315544750,93000000,8.8
Shrek,207665011,267665011,60000000,7.8
Harry Potter and the Sorcerer's Stone,193087620,318087620,125000000,7.6
"Monsters, Inc.",174916256,289916256,115000000,8
Rush Hour 2,136164286,226164286,90000000,6.6
American Pie 2,115103595,145103595,30000000,6.4
A Beautiful Mind,112742341,170742341,58000000,8.2
The Fast and the Furious,106533925,144533925,38000000,6.8
The Mummy Returns,104019785,202019785,98000000,6.3
Ocean's Eleven,98417150,183417150,85000000,7.7
Jurassic Park III,88171875,181171875,93000000,5.9
The Princess Diaries,82248956,108248956,26000000,6.3
Planet of the Apes,80011740,180011740,100000000,5.7
The Others,79522687,96522687,17000000,7.6
Legally Blonde,78520674,96520674,18000000,6.3
Hannibal,78092268,165092268,87000000,6.8
Save the Last Dance,78057006,91057006,13000000,6.2
Spy Kids,77719001,112719001,35000000,5.5
Pearl Harbor,58542554,198542554,140000000,6.2
Jimmy Neutron: Boy Genius,50936232,80936232,30000000,6
America's Sweethearts,47607673,93607673,46000000,5.7
Bridget Jones's Diary,46543427,71543427,25000000,6.7
Dr. Dolittle 2,42952899,112952899,70000000,4.7
In the Bedroom,34230604,35930604,1700000,7.4
Cats & Dogs,33385515,93385515,60000000,5.1
Vanilla Sky,32618344,100618344,68000000,6.9
Training Day,31631907,76631907,45000000,7.7
The Royal Tenenbaums,31364010,52364010,21000000,7.6
Shallow Hal,30839203,70839203,40000000,5.9
Jeepers Creepers,27904175,37904175,10000000,6.2
Monster's Ball,27273922,31273922,4000000,7
Scary Movie 2,26308997,71308997,45000000,5.3
The Wedding Planner,25400856,60400856,35000000,5.3
Not Another Teen Movie,23252284,38252284,15000000,5.7
Serendipity,22294317,50294317,28000000,6.9
Gosford Park,21508615,41308615,19800000,7.2
Behind Enemy Lines,18856790,58856790,40000000,6.4
I Am Sam,18311852,40311852,22000000,7.7
Zoolander,17172250,45172250,28000000,6.5
Black Hawk Down,16638745,108638745,92000000,7.7
Lara Croft: Tomb Raider,16168070,131168070,115000000,5.8
Super Troopers,15492362,18492362,3000000,7.1
Down to Earth,15186502,64186502,49000000,5.5
Along Came a Spider,14078174,74078174,60000000,6.4
Corky Romano,12980304,23980304,11000000,4.7
Baby Boy,12734552,28734552,16000000,6.4
Kiss of the Dragon,11845124,36845124,25000000,6.6
How High,11178740,31178740,20000000,6.3
O,11025437,16025437,5000000,6.1
The Animal,10743062,57743062,47000000,4.8
The Mexican,9845033,66845033,57000000,6.1
Joe Dirt,9387695,27087695,17700000,6
Rat Race,8618055,56618055,48000000,6.4
Hard Ball,8222729,40222729,32000000,6.4
Jay and Silent Bob Strike Back,8085147,30085147,22000000,6.8
Moulin Rouge!,7386607,57386607,50000000,7.6
Kissing Jessica Stein,6025722,7025722,1000000,6.4
The Deep End,5823109,8823109,3000000,6.5
Heartbreakers,5336607,40336607,35000000,6.2
Don't Say a Word,5001642,55001642,50000000,6.3
Crocodile Dundee in Los Angeles,4485682,25635682,21150000,4.8
Someone Like You...,4343067,27343067,23000000,6.1
Crazy/Beautiful,3937988,16937988,13000000,6.5
The Score,3107711,71107711,68000000,6.8
Tomcats,2558739,13558739,11000000,5.4
Jason X,2121555,13121555,11000000,4.4
Frailty,2110448,13110448,11000000,7.2
Exit Wounds,1758599,51758599,50000000,5.6
Tape,390475,490475,100000,7.3
Made,313300,5313300,5000000,6.4
Freddy Got Fingered,254993,14254993,14000000,4.6
Iris,94617,5594617,5500000,7
Blow,-9225,52990775,53000000,7.6
Thir13en Ghosts,-132040,41867960,42000000,5.6
Ghost World,-782151,6217849,7000000,7.3
Kate & Leopold,-878141,47121859,48000000,6.4
Joy Ride,-1025081,21974919,23000000,6.6
The Believer,-1083075,416925,1500000,7.2
Session 9,-1121824,378176,1500000,6.4
Saving Silverman,-2597970,19402030,22000000,5.9
Hedwig and the Angry Inch,-2932688,3067312,6000000,7.7
From Hell,-3397434,31602566,35000000,6.8
Head Over Heels,-3575530,10424470,14000000,5.5
Pootie Tang,-3686417,3313583,7000000,5.3
The Grey Zone,-4482128,517872,5000000,7
Donnie Darko,-4521507,1478493,6000000,8
Wet Hot American Summer,-4704794,295206,5000000,6.6
The One,-5094254,43905746,49000000,5.9
Novocaine,-5963318,2036682,8000000,5.8
Hearts in Atlantis,-6814219,24185781,31000000,6.9
The Tailor of Panama,-7270258,13729742,21000000,6.1
Mulholland Dr.,-7779757,7220243,15000000,8
Birthday Girl,-7857424,5142576,13000000,6.1
Bubble Boy,-7992102,5007898,13000000,5.6
A Knight's Tale,-8430298,56569702,65000000,6.9
Valentine,-8615864,20384136,29000000,4.9
Out Cold,-10093606,13906394,24000000,6.4
Get Over It,-10423536,11576464,22000000,5.7
Life as a House,-11332730,15667270,27000000,7.5
One Night at McCool's,-11709327,6290673,18000000,6.1
The Glass House,-11849741,18150259,30000000,5.8
The Man Who Wasn't There,-12495743,7504257,20000000,7.5
The Musketeer,-12926360,27073640,40000000,4.9
Sugar & Spice,-13694899,13305101,27000000,5.7
Summer Catch,-14246447,19753553,34000000,5.1
Sweet November,-14711897,25288103,40000000,6.7
The Pledge,-15266911,19733089,35000000,6.8
Heist,-15489159,23510841,39000000,6.5
Black Knight,-16573029,33426971,50000000,4.9
Enemy at the Gates,-16598242,51401758,68000000,7.6
K-PAX,-17661515,50338485,68000000,7.4
Glitter,-17725593,4274407,22000000,2.2
Riding in Cars with Boys,-17834464,30165536,48000000,6.5
Antitrust,-18671906,11328094,30000000,6.1
Ghosts of Mars,-19290360,8709640,28000000,4.9
Say It Isn't So,-19479607,5520393,25000000,5
A.I. Artificial Intelligence,-21383311,78616689,100000000,7.2
American Outlaws,-21657210,13342790,35000000,6
Impostor,-23714824,6285176,30000000,6.2
Josie and the Pussycats,-24728985,14271015,39000000,5.4
Original Sin,-25465779,16534221,42000000,6.1
The Curse of the Jade Scorpion,-25482809,7517191,33000000,6.7
The Shipping News,-26565784,11434216,38000000,6.7
What's the Worst That Could Happen?,-27730166,32269834,60000000,5.5
Angel Eyes,-28825782,24174218,53000000,5.6
Domestic Disturbance,-29753905,45246095,75000000,5.6
Just Visiting,-30218461,4781539,35000000,5.8
Captain Corelli's Mandolin,-31456105,25543895,57000000,5.9
Swordfish,-32227031,69772969,102000000,6.5
Bandits,-33424859,41575141,75000000,6.5
15 Minutes,-35596448,24403552,60000000,6.1
Atlantis: The Lost Empire,-35943528,84056472,120000000,6.9
Rock Star,-39991718,17008282,57000000,6.3
Evolution,-41654506,38345494,80000000,6.1
The Majestic,-44192734,27807266,72000000,6.9
3000 Miles to Graceland,-46250041,15749959,62000000,6
Ali,-48796895,58203105,107000000,6.8
Spy Game,-52637440,62362560,115000000,7.1
The Last Castle,-53755940,18244060,72000000,7
Osmosis Jones,-56403089,13596911,70000000,6.3
Driven,-61279935,32720065,94000000,4.6
Monkeybone,-69588001,5411999,75000000,4.7
Final Fantasy: The Spirits Within,-104868170,32131830,137000000,6.4
2002,2312332516,8477232516,6164900000,956.5
Spider-Man,268022860,407022860,139000000,7.3
The Lord of the Rings: The Two Towers,248551365,342551365,94000000,8.7
My Big Fat Greek Wedding,236438208,241438208,5000000,6.5
Star Wars: Episode II - Attack of the Clones,195676740,310676740,115000000,6.5
Harry Potter and the Chamber of Secrets,162450136,262450136,100000000,7.4
Signs,155966634,227966634,72000000,6.7
Austin Powers in Goldmember,150307889,213307889,63000000,6.2
Chicago,125687518,170687518,45000000,7.1
Ice Age,117387405,176387405,59000000,7.5
Catch Me If You Can,112615351,164615351,52000000,8.1
Sweet Home Alabama,97223418,127223418,30000000,6.2
The Ring,81128133,129128133,48000000,7.1
Mr. Deeds,76293452,126293452,50000000,5.8
8 Mile,75750901,116750901,41000000,7.1
The Santa Clause 2,74236327,139236327,65000000,5.6
xXx,72109382,142109382,70000000,5.9
Scooby-Doo,69294164,153294164,84000000,5.1
Lilo & Stitch,65794338,145794338,80000000,7.2
Barbershop,63782105,75782105,12000000,6.3
The Bourne Identity,61661683,121661683,60000000,7.9
Men in Black II,53735288,193735288,140000000,6.2
The Rookie,53600072,75600072,22000000,6.9
The Sum of All Fears,50907036,118907036,68000000,6.4
Panic Room,48397334,96397334,48000000,6.8
Snow Dogs,48172560,81172560,33000000,5.2
Spy Kids 2: Island of Lost Dreams,47846429,85846429,38000000,5.2
Divine Secrets of the Ya-Ya Sisterhood,42599016,69599016,27000000,6.1
Maid in Manhattan,39011225,94011225,55000000,5.3
Drumline,36399184,56399184,20000000,5.8
John Q,35756802,71756802,36000000,7.1
About Schmidt,35016287,65016287,30000000,7.1
Phone Booth,33566212,46566212,13000000,7
Big Fat Liar,33360547,48360547,15000000,5.4
Two Weeks Notice,33354851,93354851,60000000,6.1
The Scorpion King,31047077,91047077,60000000,5.5
Minority Report,30072926,132072926,102000000,7.6
A Walk to Remember,29481092,41281092,11800000,7.4
Return to Never Land,28430258,48430258,20000000,5.8
Blade II,28348319,82348319,54000000,6.7
Crossroads,25191304,37191304,12000000,3.5
Road to Perdition,24454762,104454762,80000000,7.7
The Master of Disguise,24388794,40388794,16000000,3.4
Friday After Next,23253609,33253609,10000000,5.8
Orange County,23076018,41076018,18000000,6.2
Changing Lanes,21818548,66818548,45000000,6.4
Like Mike,21432760,51432760,30000000,5.3
Insomnia,21355513,67355513,46000000,7.2
40 Days and 40 Nights,20950822,37950822,17000000,5.6
The Banger Sisters,20307416,30307416,10000000,5.6
Cabin Fever,19658188,21158188,1500000,5.7
One Hour Photo,19597131,31597131,12000000,6.8
The Count of Monte Cristo,19234062,54234062,35000000,7.8
Die Another Day,18942139,160942139,142000000,6.1
Swimfan,18564995,28564995,10000000,5.1
Halloween: Resurrection,17354442,30354442,13000000,4
The New Guy,16760152,29760152,13000000,5.9
The Hours,16675994,41675994,25000000,7.5
National Lampoon's Van Wilder,16305259,21305259,5000000,6.4
Blue Crush,15390647,40390647,25000000,5.7
Red Dragon,15149898,93149898,78000000,7.2
The Wild Thornberrys Movie,15108697,40108697,25000000,5.6
Undercover Brother,14089928,39089928,25000000,5.8
Frida,13885000,25885000,12000000,7.4
Darkness,11563442,22163442,10600000,5.5
About a Boy,11385278,41385278,30000000,7
Clockstoppers,10989956,36989956,26000000,5.2
All About the Benjamins,10916319,25916319,15000000,5.9
Ghost Ship,10113491,30113491,20000000,5.5
Antwone Fisher,8578145,21078145,12500000,7.3
25th Hour,8084595,13084595,5000000,7.6
Resident Evil,7119709,40119709,33000000,6.7
Kung Pow: Enter the Fist,6037962,16037962,10000000,6.2
The Good Girl,6018296,14018296,8000000,6.4
The Transporter,4296447,25296447,21000000,6.8
Tuck Everlasting,4161999,19161999,15000000,6.6
Narc,3965659,10465659,6500000,7.1
The Mothman Prophecies,3746370,35746370,32000000,6.4
Adaptation.,3498520,22498520,19000000,7.7
We Were Soldiers,3122718,78122718,75000000,7.2
Unfaithful,2775765,52775765,50000000,6.7
Half Past Dead,2567860,15567860,13000000,4.7
The Rules of Attraction,2532619,6532619,4000000,6.7
Far from Heaven,2401849,15901849,13500000,7.3
Enough,2007742,40007742,38000000,5.8
The Emperor's Club,1618751,14118751,12500000,6.9
White Oleander,357770,16357770,16000000,7.1
Bubba Ho-Tep,239183,1239183,1000000,7
Secretary,59680,4059680,4000000,7
May,-349723,150277,500000,6.6
High Crimes,-456083,41543917,42000000,6.4
Spun,-1588881,411119,2000000,6.8
Sorority Boys,-1799968,10200032,12000000,5.5
The Pianist,-2427423,32572577,35000000,8.5
Gerry,-3245317,254683,3500000,6.1
They,-4159158,12840842,17000000,4.8
Igby Goes Down,-4222535,4777465,9000000,6.9
Queen of the Damned,-4663200,30336800,35000000,5.3
Auto Focus,-4936804,2063196,7000000,6.6
Dark Blue,-5749699,9250301,15000000,6.6
The Importance of Being Earnest,-6615071,8384929,15000000,6.8
Spirit: Stallion of the Cimarron,-6719883,73280117,80000000,7.1
Punch-Drunk Love,-7155784,17844216,25000000,7.3
Undisputed,-7235343,12764657,20000000,6.2
The Guru,-7904494,3095506,11000000,5.3
Nicholas Nickleby,-8412827,1587173,10000000,7.1
Slackers,-8714059,5285941,14000000,5.4
The Tuxedo,-9452002,50547998,60000000,5.4
The Dangerous Lives of Altar Boys,-10184136,1815864,12000000,7
Eight Crazy Nights,-10413402,23586598,34000000,5.4
Stealing Harvard,-10963594,14036406,25000000,5.2
Hollywood Ending,-11149247,4850753,16000000,6.6
Boat Trip,-11399874,8600126,20000000,4.9
Welcome to Collinwood,-11663380,336620,12000000,6.4
Serving Sara,-12069815,16930185,29000000,5.4
Eight Legged Freaks,-12677394,17322606,30000000,5.4
Confessions of a Dangerous Mind,-13992282,16007718,30000000,7
Moonlight Mile,-14164144,6835856,21000000,6.6
Possession,-14886267,10113733,25000000,6.3
The Four Feathers,-16693834,18306166,35000000,6.5
Star Trek: Nemesis,-16745591,43254409,60000000,6.4
Reign of Fire,-16938018,43061982,60000000,6.2
The Quiet American,-17011199,12988801,30000000,7
The Salton Sea,-17235446,764554,18000000,7.1
City by the Sea,-17551000,22449000,40000000,6.1
Murder by Numbers,-18054251,31945749,50000000,6.2
The Sweetest Thing,-18281836,24718164,43000000,5.2
Equilibrium,-18796206,1203794,20000000,7.4
People I Know,-21873207,126793,22000000,5.5
Gangs of New York,-22188000,77812000,100000000,7.5
Trapped,-22926749,7073251,30000000,6.2
The Time Machine,-23167506,56832494,80000000,6
Blood Work,-23764919,26235081,50000000,6.4
Life or Something Like It,-25551411,14448589,40000000,5.8
Feardotcom,-26741751,13258249,40000000,3.4
Analyze That,-27869373,32130627,60000000,5.9
Dragonfly,-29676600,30323400,60000000,6.1
Solaris,-32026618,14973382,47000000,6.2
Big Trouble,-32732693,7267307,40000000,6.5
I Spy,-36438863,33561137,70000000,5.4
Below,-39394438,605562,40000000,6.1
Bad Company,-39839839,30160161,70000000,5.6
Death to Smoochy,-41635309,8364691,50000000,6.4
Collateral Damage,-44922743,40077257,85000000,5.5
Showtime,-46917288,38082712,85000000,5.5
Hart's War,-50922359,19077641,70000000,6.3
Rollerball,-51009202,18990798,70000000,3.1
D-Tox,-54920839,79161,55000000,5.3
Stuart Little 2,-55043194,64956806,120000000,5.5
Ballistic: Ecks vs. Sever,-55692037,14307963,70000000,3.7
K-19: The Widowmaker,-64831034,35168966,100000000,6.7
Windtalkers,-74085932,40914068,115000000,6.1
The Adventures of Pluto Nash,-95579920,4420080,100000000,3.8
Treasure Planet,-101823217,38176783,140000000,7.2
2003,1919622237,8370052237,6450430000,888.4
Finding Nemo,286843261,380843261,94000000,8.1
The Lord of the Rings: The Return of the King,283845905,377845905,94000000,8.9
Pirates of the Caribbean: The Curse of the Black Pearl,165413918,305413918,140000000,8
Bruce Almighty,161829261,242829261,81000000,6.8
Elf,141626840,174626840,33000000,6.9
The Matrix Reloaded,131576461,281576461,150000000,7.2
X2,104949694,214949694,110000000,7.4
Bringing Down the House,99716677,132716677,33000000,5.6
Cheaper by the Dozen,98614544,138614544,40000000,5.9
Freaky Friday,90230332,110230332,20000000,6.2
Spy Kids 3: Game Over,73761982,111761982,38000000,4.3
The Texas Chainsaw Massacre,71071655,80571655,9500000,6.2
Mystic River,65135191,90135191,25000000,7.9
Scary Movie 3,62003217,110003217,48000000,5.5
Anger Management,60645823,135645823,75000000,6.3
How to Lose a Guy in 10 Days,55813373,105813373,50000000,6.4
Freddy vs. Jason,52622655,82622655,30000000,5.7
Old School,51585093,75585093,24000000,7.1
2 Fast 2 Furious,51154901,127154901,76000000,5.9
American Wedding,49565114,104565114,55000000,6.3
Holes,47406573,67406573,20000000,7
The School of Rock,46261177,81261177,35000000,7.1
The Italian Job,46128601,106128601,60000000,7
"Legally Blonde 2: Red, White & Blonde",45186328,90186328,45000000,4.8
Something's Gotta Give,44728738,124728738,80000000,6.7
Daddy Day Care,44297061,104297061,60000000,5.6
Lost in Translation,40585453,44585453,4000000,7.7
Kill Bill: Vol. 1,40099045,70099045,30000000,8.1
Just Married,38127162,56127162,18000000,5.5
Bad Santa,37060328,60060328,23000000,7
S.W.A.T.,36934650,116934650,80000000,6
Open Range,36331254,58331254,22000000,7.4
Seabiscuit,33277854,120277854,87000000,7.3
Open Water,30110863,30610863,500000,5.7
Underworld,29970690,51970690,22000000,7
The Jungle Book 2,27901582,47901582,20000000,5.4
Once Upon a Time in Mexico,27359780,56359780,29000000,6.4
Monster,26469210,34469210,8000000,7.3
The Lizzie McGuire Movie,25734455,42734455,17000000,5.5
Under the Tuscan Sun,25610723,43610723,18000000,6.8
Daredevil,24543518,102543518,78000000,5.3
Identity,24159536,52159536,28000000,7.3
Darkness Falls,21551396,32551396,11000000,5
Calendar Girls,21041759,31041759,10000000,6.9
Final Destination 2,20961214,46961214,26000000,6.2
Agent Cody Banks,19938330,47938330,28000000,5.1
Love Actually,19696144,59696144,40000000,7.6
Gothika,19694580,59694580,40000000,5.8
Malibu's Most Wanted,19432201,34432201,15000000,5.2
Jeepers Creepers 2,18667218,35667218,17000000,5.6
Radio,17333738,52333738,35000000,6.9
Uptown Girls,17182494,37182494,20000000,6.2
Cold Mountain,16636509,95636509,79000000,7.2
Honey,12308417,30308417,18000000,5.4
Secondhand Lions,12070939,42070939,30000000,7.5
What a Girl Wants,11105433,36105433,25000000,5.8
Shanghai Knights,10476872,60476872,50000000,6.2
Cradle 2 the Grave,9712347,34712347,25000000,5.8
Bad Boys II,8608444,138608444,130000000,6.6
Dumb and Dumberer: When Harry Met Lloyd,7276465,26276465,19000000,3.4
Kangaroo Jack,6934963,66934963,60000000,4.4
The Recruit,6802140,52802140,46000000,6.6
Dickie Roberts: Former Child Star,5738671,22738671,17000000,5.6
House of 1000 Corpses,5634962,12634962,7000000,6.1
The Station Agent,5239376,5739376,500000,7.6
The Cooler,5091572,8291572,3200000,6.9
Head of State,2925247,38125247,35200000,5.5
Wrong Turn,2818790,15418790,12600000,6.1
Thirteen,2601043,4601043,2000000,6.8
Pieces of April,2228664,2528664,300000,7
My Boss's Daughter,1550605,15550605,14000000,4.7
Saints and Soldiers,530470,1310470,780000,6.7
Latter Days,-15315,834685,850000,7
Girl with a Pearl Earring,-329029,11670971,12000000,6.9
Grind,-876304,5123696,6000000,6
Mona Lisa Smile,-1139058,63860942,65000000,6.5
Elephant,-1733045,1266955,3000000,7.2
House of the Dead,-1750281,10249719,12000000,2
Biker Boyz,-1923228,22076772,24000000,4.7
All the Real Girls,-1950334,549666,2500000,6.8
Confidence,-2748360,12251640,15000000,6.7
Big Fish,-3190307,66809693,70000000,8
The Shape of Things,-3264008,735992,4000000,6.7
House of Sand and Fog,-3459712,13040288,16500000,7.5
21 Grams,-3709524,16290476,20000000,7.7
Shattered Glass,-3779992,2220008,6000000,7.1
Wonderland,-3939488,1060512,5000000,6.6
Party Monster,-4257102,742898,5000000,6.3
A Guy Thing,-4454569,15545431,20000000,5.6
Hulk,-4822766,132177234,137000000,5.6
The Room,-5450398,549602,6000000,3.7
Paycheck,-6209549,53790451,60000000,6.3
From Justin to Kelly,-7071117,4928883,12000000,2.1
In the Cut,-7249398,4750602,12000000,5.3
The Cat in the Hat,-7850715,101149285,109000000,3.9
Out of Time,-8911155,41088845,50000000,6.5
A Man Apart,-9263902,26736098,36000000,6.1
The Brown Bunny,-9633699,366301,10000000,5
Shade,-9974968,25032,10000000,6.3
Runaway Jury,-10556372,49443628,60000000,7.1
The Matrix Revolutions,-10686052,139313948,150000000,6.8
The League of Extraordinary Gentlemen,-11534796,66465204,78000000,5.8
Johnny English,-11917634,28082366,40000000,6.2
The Dreamers,-12467772,2532228,15000000,7.2
Willard,-13113911,6886089,20000000,6.1
The Haunted Mansion,-14152734,75847266,90000000,5
View from the Top,-14386000,15614000,30000000,5.2
Down with Love,-14694749,20305251,35000000,6.3
Anything Else,-14787690,3212310,18000000,6.3
Veronica Guerin,-15428496,1571504,17000000,6.9
Alex & Emma,-15781302,14218698,30000000,5.6
The Life of David Gale,-18044402,19955598,38000000,7.6
The Medallion,-18780808,22219192,41000000,5.3
Charlie's Angels: Full Throttle,-19169889,100830111,120000000,4.9
The In-Laws,-19546569,20453431,40000000,5.8
The Hunted,-20755903,34244097,55000000,6.1
Stuck on You,-21167259,33832741,55000000,5.7
Basic,-23206689,26793311,50000000,6.5
Luther,-24208672,5791328,30000000,6.5
The Human Stain,-24618092,5381908,30000000,6.2
Intolerable Cruelty,-24672372,35327628,60000000,6.2
Matchstick Men,-25093540,36906460,62000000,7.3
Bulletproof Monk,-28641292,23358708,52000000,5.5
The Core,-28813104,31186896,60000000,5.5
The Last Samurai,-28872737,111127263,140000000,7.7
Lara Croft Tomb Raider: The Cradle of Life,-29339804,65660196,95000000,5.6
Duplex,-30307865,9692135,40000000,5.9
The Order,-30339194,7660806,38000000,5.2
Beyond Borders,-30569899,4430101,35000000,6.5
Tears of the Sun,-31265124,43734876,75000000,6.6
The Missing,-32988820,27011180,60000000,6.5
Sinbad: Legend of the Seven Seas,-33516548,26483452,60000000,6.7
Dreamcatcher,-34284564,33715436,68000000,5.5
The Rundown,-37273658,47726342,85000000,6.7
Brother Bear,-42663723,85336277,128000000,6.8
Gods and Generals,-43117066,12882934,56000000,6.4
Hollywood Homicide,-44059309,30940691,75000000,5.3
Gigli,-47912458,6087542,54000000,2.5
Terminator 3: Rise of the Machines,-49628888,150371112,200000000,6.3
Peter Pan,-51537392,48462608,100000000,6.8
Master and Commander: The Far Side of the World,-56072080,93927920,150000000,7.4
Looney Tunes: Back in Action,-59008636,20991364,80000000,5.7
Timeline,-60518057,19481943,80000000,5.7
2004,1447454013,8290611013,6843157000,913.3
Shrek 2,291226247,441226247,150000000,7.2
Meet the Fockers,199261160,279261160,80000000,6.3
Spider-Man 2,173585825,373585825,200000000,7.3
The Incredibles,169441092,261441092,92000000,8
Harry Potter and the Prisoner of Azkaban,119975996,249975996,130000000,7.9
The Bourne Supremacy,101241941,176241941,75000000,7.7
The Grudge,100359362,110359362,10000000,5.9
Dodgeball: A True Underdog Story,94326736,114326736,20000000,6.7
Shark Tale,85861908,160861908,75000000,6
National Treasure,73008894,173008894,100000000,6.9
Million Dollar Baby,70492203,100492203,30000000,8.1
Mean Girls,69058055,86058055,17000000,7
The Day After Tomorrow,61740799,186740799,125000000,6.4
Anchorman: The Legend of Ron Burgundy,59288303,85288303,26000000,7.2
Sideways,55503593,71503593,16000000,7.5
The SpongeBob SquarePants Movie,55417988,85417988,30000000,7.1
The Princess Diaries 2: Royal Engagement,55170481,95170481,40000000,5.8
Saw,54800369,56000369,1200000,7.6
The Village,54197520,114197520,60000000,6.5
The Notebook,52001787,81001787,29000000,7.8
Crash,48080300,54580300,6500000,7.7
Along Came Polly,46097164,88097164,42000000,6
50 First Dates,45908074,120908074,75000000,6.8
The Butterfly Effect,44938693,57938693,13000000,7.6
Napoleon Dynamite,44140956,44540956,400000,6.9
Without a Paddle,39169327,58169327,19000000,5.9
Miracle,36378093,64378093,28000000,7.5
Kill Bill: Vol. 2,36208183,66208183,30000000,8
Collateral,36005703,101005703,65000000,7.5
Ray,35331600,75331600,40000000,7.7
Barbershop 2: Back in Business,35111277,65111277,30000000,5.7
White Chicks,33831760,70831760,37000000,5.6
Dawn of the Dead,33020957,59020957,26000000,7.3
A Cinderella Story,32438175,51438175,19000000,5.9
You Got Served,32363810,40363810,8000000,3.9
Friday Night Lights,31255921,61255921,30000000,7.2
Starsky & Hutch,28237754,88237754,60000000,6.1
Finding Neverland,26680613,51680613,25000000,7.7
Garfield,25369589,75369589,50000000,5
The Forgotten,25133509,67133509,42000000,5.8
"I, Robot",24801023,144801023,120000000,7.1
Garden State,24282316,26782316,2500000,7.4
The Polar Express,22224490,187224490,165000000,6.6
Fat Albert,22116322,48116322,26000000,4.3
AVP: Alien vs. Predator,20282231,80282231,60000000,5.6
13 Going on 30,20231747,57231747,37000000,6.2
In Good Company,19806659,45806659,26000000,6.4
Ladder 49,19541707,74541707,55000000,6.5
The Terminal,17872883,77872883,60000000,7.4
Ocean's Twelve,15544280,125544280,110000000,6.5
Eternal Sunshine of the Spotless Mind,14400301,34400301,20000000,8.3
Confessions of a Teenage Drama Queen,14331068,29331068,15000000,4.7
Christmas with the Kranks,13780539,73780539,60000000,5.4
Anacondas: The Hunt for the Blood Orchid,12238923,32238923,20000000,4.7
Taxi,11879320,36879320,25000000,4.5
Harold & Kumar Go to White Castle,9250550,18250550,9000000,7.1
Secret Window,8022900,48022900,40000000,6.6
Man on Fire,7911774,77911774,70000000,7.7
Shall We Dance,7890460,57890460,50000000,6.1
Cellular,7003620,32003620,25000000,6.5
Closer,6987757,33987757,27000000,7.2
Resident Evil: Apocalypse,6201453,51201453,45000000,6.2
The Prince & Me,6176497,28176497,22000000,5.9
Seed of Chucky,5083732,17083732,12000000,4.8
The Ladykillers,4799191,39799191,35000000,6.2
Scooby-Doo 2: Monsters Unleashed,4216833,84216833,80000000,5.1
Saved!,3940582,8940582,5000000,6.7
Before Sunset,3120649,5820649,2700000,8
The Punisher,810189,33810189,33000000,6.4
Team America: World Police,786074,32786074,32000000,7.2
Walking Tall,437717,46437717,46000000,6.3
Primer,417760,424760,7000,6.9
Bridget Jones: The Edge of Reason,226215,40226215,40000000,6
Mean Creek,103951,603951,500000,7.2
Bride & Prejudice,-394408,6605592,7000000,6.1
Sleepover,-563610,9436390,10000000,5.4
Kinsey,-745021,10254979,11000000,7
De-Lovely,-1543367,13456633,15000000,6.6
Soul Plane,-1809250,14190750,16000000,4.5
Agent Cody Banks 2: Destination London,-2369841,23630159,26000000,4.6
D.E.B.S.,-3402554,97446,3500000,5.3
Club Dread,-3598292,5001708,8600000,5.7
The Door in the Floor,-3645376,3854624,7500000,6.6
The Machinist,-3917285,1082715,5000000,7.7
Paparazzi,-4285766,15714234,20000000,5.8
Raise Your Voice,-4588020,10411980,15000000,5.9
Win a Date with Tad Hamilton!,-4928038,17071962,22000000,5.6
A Home at the End of the World,-5470128,1029872,6500000,6.7
Hellboy,-6376042,59623958,66000000,6.8
Vanity Fair,-6863524,16136476,23000000,6.2
I Heart Huckabees,-7214568,12785432,20000000,6.6
EuroTrip,-7228613,17771387,25000000,6.6
The Aviator,-7389670,102610330,110000000,7.5
Ella Enchanted,-8081613,22918387,31000000,6.3
Mr 3000,-8188813,21811187,30000000,5.5
Jersey Girl,-9731843,25268157,35000000,6.2
Being Julia,-10260951,7739049,18000000,7
The Girl Next Door,-10410556,14589444,25000000,6.7
Godsend,-10620249,14379751,25000000,4.8
Superbabies: Baby Geniuses 2,-10780612,9219388,20000000,1.9
Chasing Liberty,-10804374,12195626,23000000,6.1
Dirty Dancing: Havana Nights,-10838410,14161590,25000000,6
Taking Lives,-12317658,32682342,45000000,6.3
Raising Helen,-12513488,37486512,50000000,6
Blade: Trinity,-12588094,52411906,65000000,5.9
A Dirty Shame,-13660332,1339668,15000000,5.1
Wimbledon,-13998867,17001133,31000000,6.3
The Manchurian Candidate,-14044370,65955630,80000000,6.6
Little Black Book,-14301332,20698668,35000000,5.3
Spartan,-14815568,4434432,19250000,6.5
Birth,-14904962,5095038,20000000,6.1
Welcome to Mooseport,-15529053,14470947,30000000,5.2
New York Minute,-15928559,14071441,30000000,5
Beyond the Sea,-16681291,6318709,23000000,6.7
Wicker Park,-16998743,13001257,30000000,7
Suspect Zero,-18274187,8725813,27000000,5.8
Torque,-18784941,21215059,40000000,4.1
First Daughter,-20944079,9055921,30000000,5.1
A Series of Unfortunate Events,-21365451,118634549,140000000,6.8
Mindhunters,-22519256,4480744,27000000,6.4
The Whole Ten Yards,-23671529,16328471,40000000,5.5
Flight of the Phoenix,-23990820,21009180,45000000,6.1
Twisted,-24801402,25198598,50000000,5.3
The Life Aquatic with Steve Zissou,-25979597,24020403,50000000,7.3
The Merchant of Venice,-26234415,3765585,30000000,7
Envy,-26437675,13562325,40000000,4.8
The Perfect Score,-29608997,10391003,40000000,5.7
The Stepford Wives,-30515258,59484742,90000000,5.3
After the Sunset,-31668767,28331233,60000000,6.3
Sky Captain and the World of Tomorrow,-32237323,37762677,70000000,6
Hidalgo,-32696550,67303450,100000000,6.7
Surviving Christmas,-33336844,11663156,45000000,5.4
Spanglish,-37273131,42726869,80000000,6.4
Exorcist: The Beginning,-38178014,41821986,80000000,5.2
Van Helsing,-39822916,120177084,160000000,6.1
Troy,-41621744,133378256,175000000,7.2
The Big Bounce,-43510524,6489476,50000000,4.9
Alfie,-46600188,13399812,60000000,6.2
The Chronicles of Riddick,-47238988,57761012,105000000,6.7
Thunderbirds,-50119083,6880917,57000000,4.3
Catwoman,-59797621,40202379,100000000,3.4
Home on the Range,-59969539,50030461,110000000,5.4
King Arthur,-68117756,51882244,120000000,6.3
The Alamo,-84585039,22414961,107000000,6
Around the World in 80 Days,-85991863,24008137,110000000,5.9
Alexander,-120702809,34297191,155000000,5.6
2005,1193666580,8145010580,6951344000,1045
Star Wars: Episode III - Revenge of the Sith,267270577,380270577,113000000,7.5
Wedding Crashers,169255921,209255921,40000000,6.9
Harry Potter and the Goblet of Fire,140417905,290417905,150000000,7.7
"The Chronicles of Narnia: The Lion, the Witch and the Wardrobe",111710957,291710957,180000000,6.9
Hitch,109495555,179495555,70000000,6.6
War of the Worlds,102280354,234280354,132000000,6.5
Walk the Line,91519402,119519402,28000000,7.8
The 40 Year Old Virgin,83449237,109449237,26000000,7.1
Saw II,83039965,87039965,4000000,6.6
Mr. & Mrs. Smith,76336279,186336279,110000000,6.5
The Longest Yard,76119460,158119460,82000000,6.4
Brokeback Mountain,69043761,83043761,14000000,7.7
The Pacifier,57086868,113086868,56000000,5.6
Batman Begins,56852432,206852432,150000000,8.2
Charlie and the Chocolate Factory,56459076,206459076,150000000,6.6
The Exorcism of Emily Rose,56072454,75072454,19000000,6.7
Fantastic Four,54696080,154696080,100000000,5.7
Robots,53200012,128200012,75000000,6.3
Are We There Yet?,50674398,82674398,32000000,4.7
White Noise,46386759,56386759,10000000,5.5
The Amityville Horror,46233369,65233369,19000000,6
Diary of a Mad Black Woman,45133099,50633099,5500000,5.8
Hostel,42526473,47326473,4800000,5.9
The Family Stone,42062868,60062868,18000000,6.3
Monster-in-Law,39931301,82931301,43000000,5.6
Coach Carter,37264877,67264877,30000000,7.3
Flightplan,34707299,89707299,55000000,6.3
Sin City,34103820,74103820,40000000,8
Guess Who,33915888,68915888,35000000,5.9
Red Eye,31891803,57891803,26000000,6.4
Hoodwinked!,31530390,61530390,30000000,6.4
The Dukes of Hazzard,30270227,80270227,50000000,5.1
Four Brothers,29494381,74494381,45000000,6.8
Sky High,28946815,63946815,35000000,6.2
Boogeyman,26752382,46752382,20000000,4.2
The Ring Two,26231249,76231249,50000000,5.4
The Curse of the Were-Rabbit,26110897,56110897,30000000,7.4
"Good Night, and Good Luck.",24558003,31558003,7000000,7.4
Cheaper by the Dozen 2,22571173,82571173,60000000,5.5
Nanny McPhee,22144110,47144110,25000000,6.5
Capote,21750530,28750530,7000000,7.3
Hide and Seek,21100486,51100486,30000000,6
Racing Stripes,19772522,49772522,30000000,5.2
Hustle & Flow,19402809,22202809,2800000,7.3
Because of Winn-Dixie,18647042,32647042,14000000,6.3
Thank You for Smoking,18293509,24793509,6500000,7.6
The Wedding Date,16726995,31726995,15000000,6.2
V for Vendetta,16511035,70511035,54000000,8.2
Herbie Fully Loaded,16023816,66023816,50000000,4.8
The Sisterhood of the Traveling Pants,14053061,39053061,25000000,6.5
Derailed,14024076,36024076,22000000,6.6
Must Love Dogs,13894863,43894863,30000000,5.9
Corpse Bride,13359111,53359111,40000000,7.3
Waiting...,13124543,16124543,3000000,6.8
Fever Pitch,12071069,42071069,30000000,6.2
The Fog,11550869,29550869,18000000,3.7
Transporter 2,11095856,43095856,32000000,6.3
King Kong,11080025,218080025,207000000,7.2
Pride & Prejudice,10405088,38405088,28000000,7.8
Fun with Dick and Jane,10332737,110332737,100000000,6.2
The Devil's Rejects,10044981,17044981,7000000,6.8
Cry Wolf,9047674,10047674,1000000,5.8
The Constant Gardener,8579797,33579797,25000000,7.4
"Yours, Mine & Ours",8412862,53412862,45000000,5.5
Match Point,8151529,23151529,15000000,7.6
Transamerica,8015303,9015303,1000000,7.4
Kicking & Screaming,7842724,52842724,45000000,5.6
The Upside of Anger,6761993,18761993,12000000,6.8
The Perfect Man,6535005,16535005,10000000,5.5
The Squid and the Whale,5872734,7372734,1500000,7.3
Land of the Dead,5700082,20700082,15000000,6.2
The Skeleton Key,4907715,47907715,43000000,6.5
Broken Flowers,3744960,13744960,10000000,7.2
Miss Congeniality 2: Armed & Fabulous,3478006,48478006,45000000,5.1
Be Cool,3046979,56046979,53000000,5.6
An American Haunting,2298046,16298046,14000000,5.1
Me and You and Everyone We Know,1885134,3885134,2000000,7.3
Junebug,1678691,2678691,1000000,6.9
Brick,1600743,2075743,475000,7.3
Keeping Mum,1450466,1619466,169000,6.8
Harsh Times,1337931,3337931,2000000,6.9
The Hitchhiker's Guide to the Galaxy,1085416,51085416,50000000,6.8
Prime,827153,22827153,22000000,6.2
Syriana,824620,50824620,50000000,6.9
Dreamer: Inspired by a True Story,751093,32751093,32000000,6.8
Deuce Bigalow: European Gigolo,400154,22400154,22000000,4.7
The Matador,94698,12594698,12500000,6.7
Hard Candy,74640,1024640,950000,7.1
Conversations with Other Women,-70582,379418,450000,7
Factotum,-191779,808221,1000000,6.6
A History of Violence,-495367,31504633,32000000,7.4
The Quiet,-518580,381420,900000,6.2
The Ballad of Jack and Rose,-787725,712275,1500000,6.6
Bad News Bears,-2131651,32868349,35000000,5.8
Thumbsucker,-2671321,1328679,4000000,6.6
Mirrormask,-3133001,866999,4000000,6.8
Feast,-3143869,56131,3200000,6.3
Dark Water,-4526648,25473352,30000000,5.6
Everything Is Illuminated,-5287663,1712337,7000000,7.4
Goal!,-5716745,4283255,10000000,6.7
The Chumscrubber,-6747403,52597,6800000,6.9
The Ice Harvest,-6983218,9016782,16000000,6.3
The Interpreter,-7291839,72708161,80000000,6.4
Down in the Valley,-7431068,568932,8000000,6.4
House of Wax,-7935200,32064800,40000000,5.3
A Lot Like Love,-8154281,21845719,30000000,6.6
Mrs Henderson Presents,-8963634,11036366,20000000,7
Get Rich or Die Tryin',-9014648,30985352,40000000,5.4
Jarhead,-9341780,62658220,72000000,7
The Weather Man,-9517225,12482775,22000000,6.5
Just Like Heaven,-9681870,48318130,58000000,6.7
Edmond,-9868281,131719,10000000,6.2
Assault on Precinct 13,-9959105,20040895,30000000,6.3
The Three Burials of Melquiades Estrada,-9972316,5027684,15000000,7.4
The Greatest Game Ever Played,-10662607,15337393,26000000,7.4
Kiss Kiss Bang Bang,-10756244,4243756,15000000,7.5
The Adventures of Sharkboy and Lavagirl 3-D,-10822316,39177684,50000000,3.5
Rent,-10922453,29077547,40000000,6.9
Two for the Money,-12008621,22991379,35000000,6.3
Proof,-12464669,7535331,20000000,6.7
Serenity,-13485483,25514517,39000000,7.8
Lords of Dogtown,-13726483,11273517,25000000,7.1
Manderlay,-14121622,78378,14200000,7.3
Chicken Little,-14613335,135386665,150000000,5.7
Alone in the Dark,-14821431,5178569,20000000,2.4
The Cave,-14992009,15007991,30000000,5.1
Valiant,-15521894,19478106,35000000,5.5
Rebound,-16290986,16809014,33100000,5.2
North Country,-16662278,18337722,35000000,7.3
The New World,-17287907,12712093,30000000,6.7
Hostage,-17360061,34639939,52000000,6.6
Elizabethtown,-18149574,26850426,45000000,6.4
Elektra,-18590278,24409722,43000000,4.7
Cursed,-18702478,19297522,38000000,5
The World's Fastest Indian,-19871876,5128124,25000000,7.8
Man of the House,-20300294,19699706,40000000,5.4
Unleashed,-20462379,24537621,45000000,7
An Unfinished Life,-21413608,8586392,30000000,7
Bewitched,-21686841,63313159,85000000,4.8
BloodRayne,-22594580,2405420,25000000,2.9
Munich,-22596315,47403685,70000000,7.5
The Jacket,-22696238,6303762,29000000,7.1
Constantine,-24023822,75976178,100000000,7
The Man,-24669280,8330720,33000000,5.6
The Producers,-25601468,19398532,45000000,6.3
Lord of War,-25850368,24149632,50000000,7.6
Cinderella Man,-26350089,61649911,88000000,8
Rumor Has It...,-26999738,43000262,70000000,5.5
Memoirs of a Geisha,-27509492,57490508,85000000,7.4
The Legend of Zorro,-28535977,46464023,75000000,6
Dominion: Prequel to the Exorcist,-29748505,251495,30000000,5.2
Into the Blue,-31198766,18801234,50000000,5.9
Doom,-31787663,28212337,60000000,5.2
Zathura: A Space Adventure,-35741131,29258869,65000000,6.2
√Üon Flux,-36125663,25874337,62000000,5.5
Domino,-39830798,10169202,50000000,5.9
Stay,-46373117,3626883,50000000,6.8
The Brothers Grimm,-50083733,37916267,88000000,5.9
Sahara,-61328075,68671925,130000000,6
Son of the Mask,-66981578,17018422,84000000,2.2
A Sound of Thunder,-78099549,1900451,80000000,4.2
Kingdom of Heaven,-82601587,47398413,130000000,7.2
xXx: State of the Union,-86126068,26873932,113000000,4.4
The Island,-90181087,35818913,126000000,6.8
Stealth,-102883254,32116746,135000000,5.1
2006,1044666036,8345531036,7300865000,1078.4
Pirates of the Caribbean: Dead Man's Chest,198315812,423315812,225000000,7.3
300,145614939,210614939,65000000,7.6
Night at the Museum,140863268,250863268,110000000,6.4
Cars,124082982,244082982,120000000,7.1
Ice Age: The Meltdown,115330621,195330621,80000000,6.8
Borat: Cultural Learnings of America for Make Benefit Glorious Nation of Kazakhstan,110505958,128505958,18000000,7.3
The Pursuit of Happyness,108566459,163566459,55000000,8
Happy Feet,98000317,198000317,100000000,6.4
The Da Vinci Code,92536138,217536138,125000000,6.6
The Devil Wears Prada,89740460,124740460,35000000,6.9
Talladega Nights: The Ballad of Ricky Bobby,75713377,148213377,72500000,6.6
Over the Hedge,75019340,155019340,80000000,6.7
The Santa Clause 3: The Escape Clause,72500122,84500122,12000000,4.7
Saw III,70238724,80238724,10000000,6.2
The Break-Up,66703275,118703275,52000000,5.8
Madea's Family Reunion,57318000,63318000,6000000,5.2
Click,54855633,137355633,82500000,6.4
Step Up,53328121,65328121,12000000,6.5
Little Miss Sunshine,51891098,59891098,8000000,7.8
Rocky Balboa,46270943,70270943,24000000,7.1
Scary Movie 4,45710620,90710620,45000000,5.1
Nacho Libre,45197993,80197993,35000000,5.8
Inside Man,43513495,88513495,45000000,7.6
The Departed,42384315,132384315,90000000,8.5
Eight Below,41612565,81612565,40000000,7.3
Failure to Launch,38715192,88715192,50000000,5.6
Dreamgirls,33365956,103365956,70000000,6.5
When a Stranger Calls,32860214,47860214,15000000,5.1
Big Momma's House 2,30165972,70165972,40000000,4.7
The Omen,29607383,54607383,25000000,5.5
Final Destination 3,29098051,54098051,25000000,5.8
Date Movie,28548426,48548426,20000000,2.8
The Benchwarmers,26843754,59843754,33000000,5.5
The Hills Have Eyes,26778863,41778863,15000000,6.4
X-Men: The Last Stand,24362462,234362462,210000000,6.7
The Texas Chainsaw Massacre: The Beginning,23517763,39517763,16000000,5.8
The Illusionist,23368642,39868642,16500000,7.6
John Tucker Must Die,23011711,41011711,18000000,5.8
RV,21726025,71726025,50000000,5.5
Barnyard,21637803,72637803,51000000,5.5
"You, Me and Dupree",21628110,75628110,54000000,5.6
Clerks II,19148068,24148068,5000000,7.3
The Grudge 2,19143839,39143839,20000000,5.1
Smokin' Aces,18787686,35787686,17000000,6.7
Invincible,17806952,57806952,40000000,7.1
Casino Royale,17445960,167445960,150000000,8
Man of the Year,17327390,37327390,20000000,6.2
United 93,16483450,31483450,15000000,7.5
Employee of the Month,16444855,28444855,12000000,5.5
Stay Alive,16086480,23086480,7000000,5.1
Crank,15838408,27838408,12000000,6.9
She's the Man,13741133,33741133,20000000,6.3
Accepted,13323505,36323505,23000000,6.4
The Prestige,13089891,53089891,40000000,8.5
The Lake House,12330111,52330111,40000000,6.8
Underworld: Evolution,12318875,62318875,50000000,6.7
Larry the Cable Guy: Health Inspector,11680099,15680099,4000000,3.3
The Shaggy Dog,11123569,61123569,50000000,4.4
Akeelah and the Bee,10848430,18848430,8000000,7.3
Stranger Than Fiction,10660952,40660952,30000000,7.5
A Prairie Home Companion,10342852,20342852,10000000,6.7
Facing the Giants,10078331,10178331,100000,6.6
Babel,9302837,34302837,25000000,7.4
Gridiron Gang,8432823,38432823,30000000,6.9
Curious George,8360760,58360760,50000000,6.5
Black Christmas,7273581,16273581,9000000,4.6
See No Evil,7032800,15032800,8000000,5.1
Friends with Money,6868437,13368437,6500000,5.7
Aquamarine,6597342,18597342,12000000,5.3
Scoop,6525717,10525717,4000000,6.7
World Trade Center,5278893,70278893,65000000,5.9
Bella,4770537,8070537,3300000,7.2
Take the Lead,4742066,34742066,30000000,6.6
The Namesake,4069248,13569248,9500000,7.5
The Night Listener,3836393,7836393,4000000,5.9
The Covenant,3380495,23380495,20000000,5.3
Bug,3025810,7025810,4000000,6.1
The Pink Panther,2226474,82226474,80000000,5.7
Half Nelson,1997938,2697938,700000,7.2
Beerfest,1685184,19185184,17500000,6.3
ATL,1170563,21170563,20000000,6.1
Snakes on a Plane,1020814,34020814,33000000,5.4
Open Season,105259,85105259,85000000,6.1
Shortbus,-14708,1985292,2000000,6.4
Pulse,-235564,20264436,20500000,4.8
Wristcutters: A Love Story,-553835,446165,1000000,7.3
The Marine,-1155216,18844784,20000000,4.7
Firewall,-1248811,48751189,50000000,5.8
Hatchet,-1324719,175281,1500000,5.7
Monster House,-1338990,73661010,75000000,6.6
Sherrybaby,-1800824,199176,2000000,6.6
The Astronaut Farmer,-1996357,11003643,13000000,6.3
Charlotte's Web,-2014292,82985708,85000000,6.3
Bobby,-2757199,11242801,14000000,7
Turistas,-2972238,7027762,10000000,5.4
A Scanner Darkly,-3198384,5501616,8700000,7.1
Unknown,-3673597,26403,3700000,6.5
Lucky Number Slevin,-4504534,22495466,27000000,7.7
Rescue Dawn,-4509577,5490423,10000000,7.3
Running with Scissors,-4977173,7022827,12000000,6.2
Penelope,-4988004,10011996,15000000,6.7
Factory Girl,-5324759,1675241,7000000,6.5
Little Man,-5354948,58645052,64000000,4.4
Black Snake Moan,-5603130,9396870,15000000,6.9
Peaceful Warrior,-6039586,3960414,10000000,7.3
For Your Consideration,-6450077,5549923,12000000,6.3
Last Holiday,-6600039,38399961,45000000,6.5
Slither,-7197550,7802450,15000000,6.4
The Return,-7250149,7749851,15000000,4.7
My Super Ex-Girlfriend,-7469705,22530295,30000000,5.1
Running Scared,-8144863,6855137,15000000,7.4
Unaccompanied Minors,-8344776,16655224,25000000,5.3
The Last Kiss,-8385210,11614790,20000000,6.4
Annapolis,-8872008,17127992,26000000,5.9
Catch and Release,-9460949,15539051,25000000,6
American Dreamz,-9808170,7191830,17000000,5.4
Copying Beethoven,-10615971,384029,11000000,6.8
Just My Luck,-10673350,17326650,28000000,5.4
Deja Vu,-10961384,64038616,75000000,7
The Painted Veil,-11339513,8060487,19400000,7.5
Ultraviolet,-11464188,18535812,30000000,4.4
Tenacious D in The Pick of Destiny,-11665425,8334575,20000000,6.8
Find Me Guilty,-11826357,1173643,13000000,7
Infamous,-11848670,1151330,13000000,7
Home of the Brave,-11948292,51708,12000000,5.6
Hollywoodland,-13573749,14426251,28000000,6.5
The Guardian,-14988268,55011732,70000000,6.9
16 Blocks,-15104859,36895141,52000000,6.6
It's a Boy Girl Thing,-15499152,848,15500000,6.3
Mission: Impossible III,-15970199,134029801,150000000,6.9
The Wicker Man,-16350873,23649127,40000000,3.7
Fur: An Imaginary Portrait of Diane Arbus,-16576798,223202,16800000,6.5
Southland Tales,-16724620,275380,17000000,5.4
School for Scoundrels,-17192431,17807569,35000000,5.9
Seraphim Falls,-17581704,418296,18000000,6.7
Lonely Hearts,-17811435,188565,18000000,6.4
The Hoax,-17835005,7164995,25000000,6.7
DOA: Dead or Alive,-20519187,480813,21000000,4.8
Little Children,-20536981,5463019,26000000,7.5
We Are Marshall,-21454636,43545364,65000000,7.1
The Holiday,-21775151,63224849,85000000,6.9
The Ant Bully,-21857465,28142535,50000000,5.8
The Fast and the Furious: Tokyo Drift,-22485585,62514415,85000000,6
Zoom,-23010672,11989328,35000000,4.4
The Sentinel,-23719303,36280697,60000000,6.1
Marie Antoinette,-24037529,15962471,40000000,6.4
The Fountain,-24855990,10144010,35000000,7.2
Eragon,-24969837,75030163,100000000,5.1
Freedomland,-25152114,12512886,37665000,5.1
Miss Potter,-26994395,3005605,30000000,6.9
The Black Dahlia,-27454920,22545080,50000000,5.6
A Good Year,-27540700,7459300,35000000,7
Lady in the Water,-27714831,42285169,70000000,5.5
The Fall,-27733095,2266905,30000000,7.9
The Good German,-30691304,1308696,32000000,6
Garfield: A Tale of Two Kitties,-31573253,28426747,60000000,5
Stormbreaker,-39322354,677646,40000000,5.1
Children of Men,-40447617,35552383,76000000,7.9
The Wild,-42615954,37384046,80000000,5.3
Blood Diamond,-42622084,57377916,100000000,8
Flyboys,-46909370,13090630,60000000,6.5
All the King's Men,-47778542,7221458,55000000,6.2
Goya's Ghosts,-48999374,1000626,50000000,6.9
The Good Shepherd,-50047165,59952835,110000000,6.7
Flags of Our Fathers,-56397624,33602376,90000000,7
Perfume: The Story of a Murderer,-57776707,2223293,60000000,7.5
Basic Instinct 2,-64028664,5971336,70000000,4.3
Superman Returns,-69918808,200081192,270000000,6
Arthur et les Minimoys,-70867237,15132763,86000000,6
Miami Vice,-71549530,63450470,135000000,6
Flushed Away,-84334328,64665672,149000000,6.6
Poseidon,-99325183,60674817,160000000,5.7
2007,1335584894,8457944894,7122360000,1064.3
Transformers,169246193,319246193,150000000,7
Shrek the Third,162719944,322719944,160000000,6.1
Alvin and the Chipmunks,157326974,217326974,60000000,5.2
Harry Potter and the Order of the Phoenix,142353413,292353413,150000000,7.5
Juno,135995265,143495265,7500000,7.4
Knocked Up,118768917,148768917,30000000,6.9
The Bourne Ultimatum,117471070,227471070,110000000,8
The Simpsons Movie,108135014,183135014,75000000,7.3
Paranormal Activity,107903810,107918810,15000,6.3
I Am Legend,106393010,256393010,150000000,7.2
Superbad,101463226,121463226,20000000,7.6
National Treasure: Book of Secrets,89964115,219964115,130000000,6.5
Spider-Man 3,78530303,336530303,258000000,6.2
The Game Plan,68648202,90648202,22000000,6.1
Bridge to Terabithia,65272442,82272442,17000000,7.1
Disturbia,60209692,80209692,20000000,6.8
Blades of Glory,57594548,118594548,61000000,6.3
Ratatouille,56445654,206445654,150000000,8
Saw IV,53300095,63300095,10000000,5.9
No Country for Old Men,49283625,74283625,25000000,8.1
The Bucket List,48466502,93466502,45000000,7.4
Stomp the Yard,48356221,61356221,13000000,5.4
1408,46985628,71985628,25000000,6.8
Hairspray,43871849,118871849,75000000,6.6
Halloween,43272029,58272029,15000000,6.1
Enchanted,42807262,127807262,85000000,7
Why Did I Get Married?,40204525,55204525,15000000,5.9
Norbit,35673607,95673607,60000000,4.1
I Now Pronounce You Chuck & Larry,35059556,120059556,85000000,5.9
Ocean's Thirteen,32154724,117154724,85000000,6.9
American Gangster,30164645,130164645,100000000,7.8
Premonition,27852604,47852604,20000000,5.9
Live Free or Die Hard,24529403,134529403,110000000,7.1
Michael Clayton,24033882,49033882,25000000,7.2
P.S. I Love You,23695808,53695808,30000000,7
Dan in Real Life,22642963,47642963,25000000,6.7
Are We Done Yet?,21662533,49662533,28000000,4.2
Atonement,20927067,50927067,30000000,7.8
TMNT,20149098,54149098,34000000,6.2
Epic Movie,19739367,39739367,20000000,2.4
The Messengers,19374833,35374833,16000000,5.4
Waitress,17574800,19074800,1500000,7
Hitman,15687694,39687694,24000000,6.3
Freedom Writers,15605602,36605602,21000000,7.5
The Great Debaters,15236407,30236407,15000000,7.5
There Will Be Blood,15222514,40222514,25000000,8.2
No Reservations,15107979,43107979,28000000,6.3
Music and Lyrics,10572589,50572589,40000000,6.5
Reno 911!: Miami,10342161,20342161,10000000,5.9
Good Luck Chuck,10017297,35017297,25000000,5.6
30 Days of Night,9569000,39569000,30000000,6.6
Pirates of the Caribbean: At World's End,9420425,309420425,300000000,7.1
License to Wed,8799818,43799818,35000000,5.3
Mr. Brooks,8549298,28549298,20000000,7.3
Mr. Bean's Holiday,8302167,33302167,25000000,6.4
The Mist,7594957,25594957,18000000,7.1
We Own the Night,7563179,28563179,21000000,6.8
Hostel: Part II,7409452,17609452,10200000,5.5
Daddy Day Camp,7235267,13235267,6000000,3.1
The Hitcher,6472961,16472961,10000000,5.6
The Nanny Diaries,5930652,25930652,20000000,6.2
The Hills Have Eyes II,5804166,20804166,15000000,5.1
Ghost Rider,5802596,115802596,110000000,5.2
Awake,5777198,14377198,8600000,6.5
Resident Evil: Extinction,5648679,50648679,45000000,6.3
Nancy Drew,5612520,25612520,20000000,5.9
The Visitor,5427089,9427089,4000000,7.6
The Number 23,5193167,35193167,30000000,6.4
Aqua Teen Hunger Force Colon Movie Film for Theaters,4770368,5520368,750000,6.7
Mr. Woodcock,3799486,25799486,22000000,5.1
Into the Wild,3354356,18354356,15000000,8.1
Sweeney Todd: The Demon Barber of Fleet Street,2898073,52898073,50000000,7.3
4: Rise of the Silver Surfer,1921738,131921738,130000000,5.6
AVPR: Aliens vs Predator - Requiem,1797066,41797066,40000000,4.7
August Rush,1664162,31664162,30000000,7.5
I Think I Love My Wife,1550605,12550605,11000000,5.5
Gone Baby Gone,1292962,20292962,19000000,7.6
In the Land of Women,1052958,11052958,10000000,6.4
Vacancy,363565,19363565,19000000,6.2
The Signal,201150,251150,50000,6
Rush Hour 3,125968,140125968,140000000,6.2
Reign Over Me,-338013,19661987,20000000,7.4
Death at a Funeral,-419572,8580428,9000000,7.4
He Was a Quiet Man,-597569,2431,600000,6.8
Georgia Rule,-896928,19103072,20000000,5.8
Diary of the Dead,-1041039,958961,2000000,5.6
Who's Your Caddy?,-1286575,5713425,7000000,2.2
My Name Is Bruce,-1326934,173066,1500000,6.2
3:10 to Yuma,-1393084,53606916,55000000,7.7
You Kill Me,-1570633,2429367,4000000,6.5
Paranoid Park,-2513233,486767,3000000,6.7
War,-2513591,22486409,25000000,6.2
Dead Silence,-3190924,16809076,20000000,6.2
December Boys,-3949285,50715,4000000,6.5
Run Fatboy Run,-3996738,6003262,10000000,6.6
P2,-4004982,3995018,8000000,5.9
The Darjeeling Limited,-4097285,11902715,16000000,7.2
Savage Grace,-4164254,435746,4600000,5.8
The Ten,-4480274,769726,5250000,5
I Know Who Killed Me,-4501284,7498716,12000000,3.6
Sydney White,-4607585,11892415,16500000,6.2
Youth Without Youth,-4755603,244397,5000000,6.2
Redacted,-4934612,65388,5000000,6.1
Sex and Death 101,-4976376,23624,5000000,6
Rocket Science,-5285057,714943,6000000,6.6
Wind Chill,-5963196,36804,6000000,5.8
Lars and the Real Girl,-6027116,5972884,12000000,7.3
The Comebacks,-6650073,13349927,20000000,4.3
A Mighty Heart,-6823213,9176787,16000000,6.6
Battle in Seattle,-7775831,224169,8000000,6.7
Margot at the Wedding,-8040580,1959420,10000000,6
Charlie Bartlett,-8048301,3951699,12000000,7
Charlie Wilson's War,-8338905,66661095,75000000,7
The Brothers Solomon,-9099074,900926,10000000,5.3
My Blueberry Nights,-9132725,867275,10000000,6.6
The Invisible,-9421091,20578909,30000000,6.2
King of California,-9731539,268461,10000000,6.6
Resurrecting the Champ,-9827427,3172573,13000000,6.7
The Air I Breathe,-9974225,25775,10000000,6.8
Bratz,-9989791,10010209,20000000,3.1
Death Sentence,-10465742,9534258,20000000,6.8
Reservation Road,-10878006,121994,11000000,6.7
Before the Devil Knows You're Dead,-10915773,7084227,18000000,7.3
The Lookout,-11399415,4600585,16000000,7
Blood and Chocolate,-11473153,3526847,15000000,5.4
Trade,-11785693,214307,12000000,7.4
Code Name: The Cleaner,-11864976,8135024,20000000,4.6
The Life Before Her Eyes,-12696561,303439,13000000,6.3
Things We Lost in the Fire,-12712685,3287315,16000000,7.2
88 Minutes,-12786533,17213467,30000000,5.9
Funny Games,-13705081,1294919,15000000,6.6
Shooter,-13996418,47003582,61000000,7.2
Captivity,-14373200,2626800,17000000,4.7
The Reaping,-14873786,25126214,40000000,5.6
I'm Not There,-15982391,4017609,20000000,6.9
Walk Hard: The Dewey Cox Story,-16682849,18317151,35000000,6.8
Rendition,-17763955,9736045,27500000,6.8
Silk,-18896925,1103075,20000000,5.9
Martian Child,-19499690,7500310,27000000,6.8
Lions for Lambs,-19997146,15002854,35000000,6.2
Across the Universe,-20397709,24602291,45000000,7.3
Hannibal Rising,-22329014,27670986,50000000,6.2
The Kingdom,-22463222,47536778,70000000,7
The Heartbreak Kid,-23212743,36787257,60000000,5.8
Bee Movie,-23368723,126631277,150000000,6.1
The Hunting Party,-24030131,969869,25000000,6.8
The Assassination of Jesse James by the Coward Robert Ford,-26090851,3909149,30000000,7.5
Shoot 'Em Up,-26192861,12807139,39000000,6.7
Fred Claus,-27993223,72006777,100000000,5.6
Stardust,-31365062,38634938,70000000,7.6
Zodiac,-31919916,33080084,65000000,7.7
Mr. Magorium's Wonder Emporium,-32938445,32061555,65000000,6.2
The Brave One,-33206196,36793804,70000000,6.7
Pathfinder,-34767919,10232081,45000000,5.4
The Seeker: The Dark Is Rising,-36205548,8794452,45000000,4.8
Perfect Stranger,-36810051,23984949,60795000,5.7
Elizabeth: The Golden Age,-38616491,16383509,55000000,6.8
Love in the Time of Cholera,-40392392,4607608,45000000,6.4
Surf's Up,-41132306,58867694,100000000,6.7
Grindhouse,-41962103,25037897,67000000,7.5
Lucky You,-49241050,5758950,55000000,5.9
Next,-51788987,18211013,70000000,6.2
Meet the Robinsons,-52177829,97822171,150000000,6.8
In the Name of the King: A Dungeon Siege Tale,-55224344,4775656,60000000,3.8
The Invasion,-64925809,15074191,80000000,5.9
Beowulf,-67719421,82280579,150000000,6.2
Evan Almighty,-74537702,100462298,175000000,5.4
The Golden Compass,-109892272,70107728,180000000,6.1
2008,1690431116,9215511116,7525080000,1111.7
The Dark Knight,350234033,535234033,185000000,9
Iron Man,179034126,319034126,140000000,7.9
Twilight,156962473,193962473,37000000,5.2
Indiana Jones and the Kingdom of the Crystal Skull,132101119,317101119,185000000,6.1
Slumdog Millionaire,126319928,141319928,15000000,8
Taken,120000989,145000989,25000000,7.8
Gran Torino,115095302,148095302,33000000,8.1
Mamma Mia!,92169664,144169664,52000000,6.4
Sex and the City,87647258,152647258,65000000,5.6
Kung Fu Panda,85434591,215434591,130000000,7.5
Marley & Me,83153751,143153751,60000000,7.1
High School Musical 3: Senior Year,79559416,90559416,11000000,4.8
Hancock,77946274,227946274,150000000,6.4
Beverly Hills Chihuahua,74514402,94514402,20000000,3.8
Horton Hears a Who!,69529439,154529439,85000000,6.8
Pineapple Express,60341380,87341380,27000000,6.9
Wanted,59508551,134508551,75000000,6.7
Cloverfield,55048433,80048433,25000000,7
Get Smart,50319208,130319208,80000000,6.5
27 Dresses,46808654,76808654,30000000,6.1
21,46159365,81159365,35000000,6.8
Saw V,45946769,56746769,10800000,5.8
What Happens in Vegas,45277646,80277646,35000000,6.1
WALL¬∑E,43808164,223808164,180000000,8.4
The Strangers,43597610,52597610,9000000,6.2
Journey to the Center of the Earth,41704370,101704370,60000000,5.8
Step Up 2: The Streets,40517783,58017783,17500000,6.2
Four Christmases,40146040,120146040,80000000,5.7
Role Models,39294270,67294270,28000000,6.8
Step Brothers,35468793,100468793,65000000,6.9
Forgetting Sarah Marshall,33172463,63172463,30000000,7.1
Fireproof,32956317,33456317,500000,6.5
Vantage Point,32266306,72266306,40000000,6.6
Baby Mama,30494212,60494212,30000000,6
Bedtime Stories,30101975,110101975,80000000,6
Madagascar: Escape 2 Africa,30010950,180010950,150000000,6.6
Yes Man,27690976,97690976,70000000,6.8
The Secret Life of Bees,26770162,37770162,11000000,7.3
Star Wars: The Clone Wars,26661554,35161554,8500000,5.9
Harold & Kumar Escape from Guantanamo Bay,26108728,38108728,12000000,6.6
Prom Night,23869350,43869350,20000000,3.9
Burn After Reading,23355347,60355347,37000000,7
The House Bunny,23237389,48237389,25000000,5.5
Nick and Norah's Infinite Playlist,21487293,31487293,10000000,6.6
Eagle Eye,21440743,101440743,80000000,6.6
The Wrestler,20238243,26238243,6000000,7.9
Quarantine,19691811,31691811,12000000,5.9
The Eye,19418697,31418697,12000000,5.4
Lakeview Terrace,19263506,39263506,20000000,6.1
Tropic Thunder,18515313,110515313,92000000,7
Shutter,17928550,25928550,8000000,5.2
The Sisterhood of the Traveling Pants 2,17089964,44089964,27000000,6.2
The Happening,16506874,64506874,48000000,5
Seven Pounds,14951824,69951824,55000000,7.6
Doubt,13446470,33446470,20000000,7.5
Nights in Rodanthe,11850659,41850659,30000000,6
Milk,11841299,31841299,20000000,7.5
Nim's Island,11006762,48006762,37000000,6
The Women,10902075,26902075,16000000,5
The Bank Job,10060660,30060660,20000000,7.2
You Don't Mess with the Zohan,10018837,100018837,90000000,5.5
The Ruins,9432844,17432844,8000000,5.8
Meet the Spartans,8233676,38233676,30000000,2.8
Valkyrie,8077833,83077833,75000000,7.1
Vicky Cristina Barcelona,7716709,23216709,15500000,7.1
Zack and Miri Make a Porno,7457946,31457946,24000000,6.5
"Welcome Home, Roscoe Jenkins",7436517,42436517,35000000,5.5
One Missed Call,6890041,26890041,20000000,4
Street Kings,6418667,26418667,20000000,6.8
Made of Honor,6012734,46012734,40000000,5.9
Max Payne,5689393,40689393,35000000,5.4
Never Back Down,4850922,24850922,20000000,6.6
Sunshine Cleaning,4062558,12062558,8000000,6.8
The Reader,2194407,34194407,32000000,7.6
The Hurt Locker,2017811,17017811,15000000,7.6
Transporter 3,1715062,31715062,30000000,6.1
Traitor,1530831,23530831,22000000,7
Frozen River,1511476,2511476,1000000,7.1
Wendy and Lucy,665695,865695,200000,7.1
W.,434493,25534493,25100000,6.3
Fool's Gold,231041,70231041,70000000,5.7
Appaloosa,211394,20211394,20000000,6.7
Choke,-73435,2926565,3000000,6.4
Bronson,-125021,104979,230000,7.1
The Day the Earth Stood Still,-633022,79366978,80000000,5.5
I Sell the Dead,-741950,8050,750000,6.1
My Best Friend's Girl,-780750,19219250,20000000,5.9
Bottle Shock,-921393,4078607,5000000,6.8
Lymelife,-1078693,421307,1500000,6.9
Mad Money,-1331157,20668843,22000000,5.8
College,-2305364,4694636,7000000,4.6
Over Her Dead Body,-2436330,7563670,10000000,5.2
RED,-2495357,4643,2500000,7
The Forbidden Kingdom,-2924730,52075270,55000000,6.6
Defiance,-3355187,28644813,32000000,7.2
The Boy in the Striped Pyjamas,-3453844,9046156,12500000,7.8
Surveillance,-3472651,27349,3500000,6.3
Cadillac Records,-3804449,8195551,12000000,7
The Wackness,-3922884,2077116,6000000,7
Hamlet 2,-4113784,4886216,9000000,6.3
Mirrors,-4308561,30691439,35000000,6.2
Redbelt,-4654059,2345941,7000000,6.7
Swing Vote,-4710133,16289867,21000000,6.1
Jumper,-4827872,80172128,85000000,6.1
Igor,-5471398,19528602,25000000,6
Disaster Movie,-5809099,14190901,20000000,1.9
Untraceable,-6312165,28687835,35000000,6.2
Frost/Nixon,-6377969,18622031,25000000,7.7
Ghost Town,-6632376,13367624,20000000,6.7
Two Lovers,-6650966,3149034,9800000,7
Space Chimps,-6894032,30105968,37000000,4.5
Drillbit Taylor,-7137896,32862104,40000000,5.7
In Bruges,-7199176,7800824,15000000,7.9
Rambo,-7245895,42754105,50000000,7
The Promotion,-7591291,408709,8000000,5.6
Pathology,-7890154,109846,8000000,6
Fireflies in the Garden,-7929400,70600,8000000,6.5
The Other Boleyn Girl,-8185043,26814957,35000000,6.7
Repo! The Genetic Opera,-8353250,146750,8500000,6.6
The Rocker,-8590472,6409528,15000000,6.2
Death Race,-8683968,36316032,45000000,6.4
Be Kind Rewind,-8824836,11175164,20000000,6.4
Hellboy II: The Golden Army,-9013497,75986503,85000000,7
The X Files: I Want to Believe,-9017522,20982478,30000000,5.9
Superhero Movie,-9118932,25881068,35000000,4.5
The Tale of Despereaux,-9122855,50877145,60000000,6.1
Elegy,-9418358,3581642,13000000,6.7
"War, Inc.",-9419138,580862,10000000,5.6
"10,000 BC",-10215799,94784201,105000000,5.1
Sex Drive,-10597515,8402485,19000000,6.5
Revolutionary Road,-12088520,22911480,35000000,7.3
RocknRolla,-12299374,5700626,18000000,7.3
"New York, I Love You",-13111985,1588015,14700000,6.2
Strange Wilderness,-13424718,6575282,20000000,5.3
Brideshead Revisited,-13567744,6432256,20000000,6.7
Stop-Loss,-14084256,10915744,25000000,6.4
Pride and Glory,-14259279,15740721,30000000,6.6
The Lucky Ones,-14733033,266967,15000000,6.9
The Other Man,-14850472,149528,15000000,5.4
The Midnight Meat Train,-14916639,83361,15000000,6
The Incredible Hulk,-15193087,134806913,150000000,6.7
Flash of Genius,-15557623,4442377,20000000,7
The Brothers Bloom,-16468244,3531756,20000000,6.8
"Synecdoche, New York",-16916462,3083538,20000000,7.6
The Informers,-17700000,300000,18000000,5
The Spiderwick Chronicles,-18804947,71195053,90000000,6.5
Doomsday,-18991230,11008770,30000000,6
Changeling,-19260198,35739802,55000000,7.7
The Burning Plain,-19799270,200730,20000000,6.8
Righteous Kill,-19918590,40081410,60000000,6
Deception,-20401494,4598506,25000000,6.1
Semi-Pro,-21520302,33479698,55000000,5.8
The Curious Case of Benjamin Button,-22490674,127509326,150000000,7.8
Me and Orson Welles,-23809997,1190003,25000000,6.7
What Just Happened,-23909053,1090947,25000000,5.6
Passengers,-24707563,292437,25000000,5.9
Mutant Chronicles,-24993180,6820,25000000,5.2
Leatherheads,-26626062,31373938,58000000,6
Punisher: War Zone,-26949023,8050977,35000000,5.9
Bangkok Dangerous,-29701867,15298133,45000000,5.4
The Love Guru,-29764207,32235793,62000000,3.8
The Express,-30206594,9793406,40000000,7.3
Body of Lies,-30605334,39394666,70000000,7.1
Quantum of Solace,-31631573,168368427,200000000,6.6
Bolt,-35946421,114053579,150000000,6.8
Miracle at St. Anna,-37080883,7919117,45000000,6.1
The Spirit,-40193812,19806188,60000000,4.8
The Mummy: Tomb of the Dragon Emperor,-42508224,102491776,145000000,5.2
Inkheart,-42696576,17303424,60000000,6.1
City of Ember,-47126993,7873007,55000000,6.5
Babylon A.D.,-47467428,22532572,70000000,5.6
Meet Dave,-48196746,11803254,60000000,5
Outlander,-49833997,166003,50000000,6.2
Speed Racer,-76054234,43945766,120000000,6
Australia,-80445998,49554002,130000000,6.6
The Chronicles of Narnia: Prince Caspian,-83378510,141621490,225000000,6.5
2009,2468892370,9807992370,7339100000,1042.4
Avatar,523507625,760507625,237000000,7.8
The Twilight Saga: New Moon,247816253,297816253,50000000,4.7
The Hangover,242322503,277322503,35000000,7.7
The Blind Side,226959475,255959475,29000000,7.6
Transformers: Revenge of the Fallen,202111870,402111870,200000000,6
Alvin and the Chipmunks: The Squeakquel,144614612,219614612,75000000,4.5
The Proposal,123958031,163958031,40000000,6.7
Paul Blart: Mall Cop,120336178,146336178,26000000,5.2
Sherlock Holmes,119028679,209028679,90000000,7.6
Up,118004164,293004164,175000000,8.2
Star Trek,107730019,257730019,150000000,7.9
Ice Age: Dawn of the Dinosaurs,106573705,196573705,90000000,6.9
District 9,85646235,115646235,30000000,7.9
Fast & Furious,70064265,155064265,85000000,6.6
Up in the Air,58823381,83823381,25000000,7.4
Julie & Julia,54125426,94125426,40000000,7
He's Just Not That Into You,53953653,93953653,40000000,6.4
Harry Potter and the Half-Blood Prince,52305431,302305431,250000000,7.6
Zombieland,51990286,75590286,23600000,7.6
The Ugly Truth,50915214,88915214,38000000,6.4
Inglourious Basterds,50540719,120540719,70000000,8.3
Hannah Montana: The Movie,49576189,79576189,30000000,4.5
Obsessed,48261644,68261644,20000000,5
Friday the 13th,46002019,65002019,19000000,5.5
The Haunting in Connecticut,45389516,55389516,10000000,5.9
17 Again,44167069,64167069,20000000,6.3
Couples Retreat,39204945,109204945,70000000,5.5
Hotel for Dogs,38034460,73034460,35000000,5.4
Precious,37566524,47566524,10000000,7.3
My Bloody Valentine,36545952,51545952,15000000,5.4
Crazy Heart,32464306,39464306,7000000,7.2
"I Love You, Man",31440011,71440011,40000000,7
Knowing,29957634,79957634,50000000,6.2
X-Men Origins: Wolverine,29883157,179883157,150000000,6.6
Bride Wars,28715510,58715510,30000000,5.5
It's Complicated,27735375,112735375,85000000,6.5
Night at the Museum: Battle of the Smithsonian,27243721,177243721,150000000,6
The Unborn,26670410,42670410,16000000,4.8
The Final Destination,26477700,66477700,40000000,5.2
(500) Days of Summer,24891374,32391374,7500000,7.7
Cloudy with a Chance of Meatballs,24870275,124870275,100000000,6.9
The Time Traveler's Wife,24414846,63414846,39000000,7.1
Law Abiding Citizen,23357727,73357727,50000000,7.4
Monsters vs. Aliens,23351526,198351526,175000000,6.4
My Sister's Keeper,19200230,49200230,30000000,7.4
All About Steve,18862903,33862903,15000000,4.8
Halloween II,18392973,33392973,15000000,4.9
Br√ºno,18054530,60054530,42000000,5.8
The Last House on the Left,17752215,32752215,15000000,6.5
Ghosts of Girlfriends Past,17750026,55250026,37500000,5.8
Notorious,16843682,36843682,20000000,6.7
Saw VI,16693292,27693292,11000000,6
The Fourth Kind,15486040,25486040,10000000,5.9
Coraline,15286229,75286229,60000000,7.7
Old Dogs,14492060,49492060,35000000,5.4
Drag Me to Hell,12100625,42100625,30000000,6.5
The Informant!,11316821,33316821,22000000,6.4
Underworld: Rise of the Lycans,10802315,45802315,35000000,6.6
Brooklyn's Finest,10163593,27163593,17000000,6.7
Daybreakers,10101577,30101577,20000000,6.4
The Stepfather,9062561,29062561,20000000,5.6
New in Town,8734283,16734283,8000000,5.6
The Men Who Stare at Goats,7428195,32428195,25000000,6.2
Next Day Air,7027047,10027047,3000000,5.8
Observe and Report,6007324,24007324,18000000,5.8
"The Goods: Live Hard, Sell Hard",5122676,15122676,10000000,5.8
An Education,5074914,12574914,7500000,7.3
Love Happens,4965110,22965110,18000000,5.7
Fame,4455510,22455510,18000000,5.1
Extract,2823158,10823158,8000000,6.1
Brothers,2544157,28544157,26000000,7.1
The Boondock Saints II: All Saints Day,2273188,10273188,8000000,6.3
A Serious Man,2228768,9228768,7000000,7
Get Low,2176933,9176933,7000000,7
A Single Man,2176000,9176000,7000000,7.6
Race to Witch Mountain,2172594,67172594,65000000,5.7
9,1749894,31749894,30000000,7.1
The Collector,1712114,7712114,6000000,6.4
A Perfect Getaway,1515460,15515460,14000000,6.5
City Island,671036,6671036,6000000,7.4
Dance Flick,662155,25662155,25000000,3.5
Jennifer's Body,204793,16204793,16000000,5.2
Moon,10163,5010163,5000000,7.9
The Invention of Lying,-48749,18451251,18500000,6.4
Sorority Row,-534718,11965282,12500000,5.1
The Princess and the Frog,-599101,104400899,105000000,7.1
The House of the Devil,-798785,101215,900000,6.4
The Girlfriend Experience,-1004160,695840,1700000,5.5
Miss March,-1456680,4543320,6000000,5
Ninja Assassin,-1877117,38122883,40000000,6.3
Whip It,-1956637,13043363,15000000,6.9
Black Dynamite,-2657422,242578,2900000,7.4
Youth in Revolt,-2718714,15281286,18000000,6.4
Fired Up!,-2768709,17231291,20000000,6.1
Public Enemies,-2895380,97104620,100000000,7
"I Love You, Beth Cooper",-3199275,14800725,18000000,5.3
Fanboys,-3211471,688529,3900000,6.6
Defendor,-3455538,44462,3500000,6.8
Survival of the Dead,-3898260,101740,4000000,4.9
Armored,-4011124,15988876,20000000,5.7
After.Life,-4391405,108595,4500000,5.9
Tetro,-4481478,518522,5000000,6.8
Shrink,-4910379,189621,5100000,6.6
The Messenger,-5390340,1109660,6500000,7.1
Mother and Child,-5889491,1110509,7000000,7.2
Push,-6188473,31811527,38000000,6.1
Crank: High Voltage,-6315751,13684249,20000000,6.2
The Secret of Kells,-7323225,676775,8000000,7.6
Away We Go,-7548054,9451946,17000000,7
My Life in Ruins,-8334794,8665206,17000000,5.9
The Joneses,-8524254,1475746,10000000,6.5
Post Grad,-8619981,6380019,15000000,5.3
Leaves of Grass,-8929934,70066,9000000,6.4
Street Fighter: The Legend of Chun-Li,-9257739,8742261,18000000,3.7
Whatever Works,-9693294,5306706,15000000,7.1
12 Rounds,-9765306,12234694,22000000,5.6
Gentlemen Broncos,-9886318,113682,10000000,6.2
Solitary Man,-10639452,4360548,15000000,6.3
Chloe,-10924745,3075255,14000000,6.3
I Love You Phillip Morris,-10962541,2037459,13000000,6.6
Ondine,-11449528,550472,12000000,6.8
Everybody's Fine,-11791124,9208876,21000000,7.1
Case 39,-12738149,13261851,26000000,6.2
Splice,-12989830,17010170,30000000,5.7
Bandslam,-14789012,5210988,20000000,6.3
The Box,-14948023,15051977,30000000,5.6
Angels & Demons,-16624154,133375846,150000000,6.7
Year One,-16662721,43337279,60000000,4.9
The Road,-16883000,8117000,25000000,7.2
Crossing Over,-18544346,455654,19000000,6.7
Fantastic Mr. Fox,-18997081,21002919,40000000,7.9
Middle Men,-19245699,754301,20000000,6.8
Duplicity,-19427175,40572825,60000000,6.1
Aliens in the Attic,-19799588,25200412,45000000,5.4
Dragonball Evolution,-20637215,9362785,30000000,2.5
The Lovely Bones,-20885768,44114232,65000000,6.7
Watchmen,-22490201,107509799,130000000,7.6
Invictus,-22508636,37491364,60000000,7.3
Taking Woodstock,-22539796,7460204,30000000,6.7
Pandorum,-22669147,10330853,33000000,6.7
Where the Wild Things Are,-22766533,77233467,100000000,6.7
Funny People,-23144955,51855045,75000000,6.3
The Bad Lieutenant: Port of Call - New Orleans,-23297888,1702112,25000000,6.6
The Young Victoria,-23998728,11001272,35000000,7.3
The International,-24549473,25450527,50000000,6.5
Whiteout,-24724362,10275638,35000000,5.5
G.I. Joe: The Rise of Cobra,-24798502,150201498,175000000,5.8
Beyond a Reasonable Doubt,-24967083,32917,25000000,5.9
Amelia,-25753512,14246488,40000000,5.8
Cirque du Freak: The Vampire's Assistant,-26130485,13869515,40000000,5.8
Planet 51,-27805940,42194060,70000000,6
The Soloist,-28279842,31720158,60000000,6.7
Did You Hear About the Morgans?,-28419913,29580087,58000000,4.8
Gamer,-29465093,20534907,50000000,5.8
2012,-33887833,166112167,200000000,5.8
The Pink Panther 2,-34077022,35922978,70000000,5.6
The Taking of Pelham 123,-34547688,65452312,100000000,6.4
Imagine That,-38876677,16123323,55000000,5.6
Surrogates,-41422228,38577772,80000000,6.3
Astro Boy,-45448933,19551067,65000000,6.3
Mr. Nobody,-46996378,3622,47000000,7.8
Land of the Lost,-50561630,49438370,100000000,5.3
Nine,-60323035,19676965,80000000,5.8
A Christmas Carol,-62144137,137855863,200000000,6.8
Terminator Salvation,-74677531,125322469,200000000,6.5
2010,1671099476,9361614476,7690515000,988.6
The Twilight Saga: Eclipse,232531751,300531751,68000000,5
Toy Story 3,215004880,415004880,200000000,8.3
Despicable Me,182513985,251513985,69000000,7.6
The Karate Kid,136591618,176591618,40000000,6.2
Alice in Wonderland,134191110,334191110,200000000,6.4
True Grit,133243005,171243005,38000000,7.6
Inception,132576195,292576195,160000000,8.8
The King's Speech,123797449,138797449,15000000,8
Iron Man 2,112433331,312433331,200000000,7
Black Swan,93954678,106954678,13000000,8
Grown Ups,82001186,162001186,80000000,5.9
Paranormal Activity 2,81752907,84752907,3000000,5.6
Shrek Forever After,73736787,238736787,165000000,6.3
The Fighter,68617009,93617009,25000000,7.8
Valentine's Day,58485654,110485654,52000000,5.7
The Social Network,56962694,96962694,40000000,7.7
The Town,55186262,92186262,37000000,7.5
Dear John,55014842,80014842,25000000,6.3
How to Train Your Dragon,52581231,217581231,165000000,8.1
Insidious,52509150,54009150,1500000,6.8
Easy A,50401464,58401464,8000000,7
Diary of a Wimpy Kid,49003625,64003625,15000000,6.2
Little Fockers,48438600,148438600,100000000,5.5
Shutter Island,48012934,128012934,80000000,8.2
Date Night,43711404,98711404,55000000,6.3
The Last Song,42950384,62950384,20000000,6
The Last Exorcism,39234350,41034350,1800000,5.6
Clash of the Titans,38214888,163214888,125000000,5.8
Due Date,35539043,100539043,65000000,6.5
RED,32380162,90380162,58000000,7
A Nightmare on Elm Street,28075011,63075011,35000000,5.2
The Bounty Hunter,27061228,67061228,40000000,5.6
Takers,25744720,57744720,32000000,6.2
Saw 3D,25710178,45710178,20000000,5.6
Secretariat,24713955,59713955,35000000,7.2
Devil,23601190,33601190,10000000,6.2
The Expendables,23068524,103068524,80000000,6.5
Letters to Juliet,23032453,53032453,30000000,6.5
Death at a Funeral,21739347,42739347,21000000,5.7
Get Him to the Greek,20974475,60974475,40000000,6.4
Eat Pray Love,20574010,80574010,60000000,5.8
Yogi Bear,20246011,100246011,80000000,4.6
The Other Guys,19219978,119219978,100000000,6.6
The Crazies,19123589,39123589,20000000,6.5
Megamind,18415853,148415853,130000000,7.2
Kick-Ass,18071303,48071303,30000000,7.6
The Kids Are All Right,16811365,20811365,4000000,7
Vampires Suck,16661504,36661504,20000000,3.4
Machete,16093646,26593646,10500000,6.6
The American,15606376,35606376,20000000,6.3
Life as We Know It,15374681,53374681,38000000,6.5
Cop Out,14875481,44875481,30000000,5.6
The Book of Eli,14835059,94835059,80000000,6.9
Hot Tub Time Machine,14287556,50287556,36000000,6.4
Legion,14168080,40168080,26000000,5.2
Step Up 3D,12400223,42400223,30000000,6.2
Tooth Fairy,12022256,60022256,48000000,5
She's Out of My League,12010860,32010860,20000000,6.4
Predators,12000688,52000688,40000000,6.4
Skyline,11393620,21393620,10000000,4.4
The Debt,11177548,31177548,20000000,6.8
Ramona and Beezus,11167002,26167002,15000000,6.5
The Switch,8779426,27779426,19000000,6.1
Blue Valentine,8706328,9706328,1000000,7.4
Salt,8311368,118311368,110000000,6.4
Lottery Ticket,7719879,24719879,17000000,5
Leap Year,6918920,25918920,19000000,6.5
You Again,5702053,25702053,20000000,5.8
Country Strong,5218921,20218921,15000000,6.3
Alpha and Omega,5107267,25107267,20000000,5.2
Winter's Bone,4531503,6531503,2000000,7.2
Dinner for Schmucks,4026337,73026337,69000000,5.9
Remember Me,3068240,19068240,16000000,7.1
Beginners,2590894,5790894,3200000,7.2
The Back-up Plan,2490007,37490007,35000000,5.4
Love & Other Drugs,2367005,32367005,30000000,6.7
Tron,2062763,172062763,170000000,6.8
Please Give,1033574,4033574,3000000,6.6
Piranha 3D,1003155,25003155,24000000,5.4
Cyrus,468936,7468936,7000000,6.3
127 Hours,335230,18335230,18000000,7.5
Tiny Furniture,326674,391674,65000,6.2
Resident Evil: Afterlife,128566,60128566,60000000,5.8
The Perfect Host,-451236,48764,500000,6.8
Stake Land,-616755,33245,650000,6.5
Hatchet II,-747396,52604,800000,5.5
Faster,-759980,23240020,24000000,6.4
Don't Be Afraid of the Dark,-953318,24046682,25000000,5.6
Meek's Cutoff,-1022228,977772,2000000,6.5
The Losers,-1408568,23591432,25000000,6.3
MacGruber,-1474400,8525600,10000000,5.5
It's Kind of a Funny Story,-1636372,6363628,8000000,7.1
I Spit on Your Grave,-1906949,93051,2000000,6.3
Super,-2172284,327716,2500000,6.7
Everything Must Go,-2288357,2711643,5000000,6.4
Rabbit Hole,-2770942,2229058,5000000,7
The Spy Next Door,-3692914,24307086,28000000,5.4
Trust,-3879984,120016,4000000,6.9
Dirty Girl,-3944875,55125,4000000,6.4
The Romantics,-4393476,106524,4500000,5.1
Sex and the City 2,-4652308,95347692,100000000,4.5
Another Year,-4794294,3205706,8000000,7.3
Twelve,-4816080,183920,5000000,5.7
Waiting for Forever,-4974483,25517,5000000,6
Somewhere,-5214355,1785645,7000000,6.3
Conviction,-5716871,6783129,12500000,7.2
Nanny McPhee and the Big Bang,-5988785,29011215,35000000,6.1
Percy Jackson & the Olympians: The Lightning Thief,-6231697,88768303,95000000,5.9
The Runaways,-6426327,3573673,10000000,6.5
Hesher,-6617054,382946,7000000,7
Let Me In,-7865065,12134935,20000000,7.1
The Next Three Days,-8851349,21148651,30000000,7.4
Morning Glory,-8988268,31011732,40000000,6.5
Vanishing on 7th Street,-9977271,22729,10000000,4.9
My Soul to Take,-10255565,14744435,25000000,4.8
The Company Men,-10558728,4441272,15000000,6.7
Centurion,-11876430,123570,12000000,6.4
Henry's Crime,-11897459,102541,12000000,6
Flipped,-12244788,1755212,14000000,7.7
Fair Game,-12459309,9540691,22000000,6.8
The Killer Inside Me,-12782723,217277,13000000,6.1
Charlie St. Cloud,-12837455,31162545,44000000,6.4
The Conspirator,-13461796,11538204,25000000,6.9
Going the Distance,-14195701,17804299,32000000,6.3
Burlesque,-15559345,39440655,55000000,6.4
Marmaduke,-16355212,33644788,50000000,4.3
Hereafter,-17253059,32746941,50000000,6.4
Furry Vengeance,-17369535,17630465,35000000,3.8
Wall Street: Money Never Sleeps,-17525384,52474616,70000000,6.2
Repo Men,-18205165,13794835,32000000,6.3
The Last Airbender,-18227813,131772187,150000000,4
Unstoppable,-18437058,81562942,100000000,6.8
You Will Meet a Tall Dark Stranger,-18751754,3248246,22000000,6.3
Dylan Dog: Dead of Night,-18813462,1186538,20000000,5.1
Extraordinary Measures,-18931687,12068313,31000000,6.4
Stone,-20189922,1810078,22000000,5.4
When in Rome,-22319367,32680633,55000000,5.6
Legend of the Guardians: The Owls of Ga'Hoole,-24324687,55675313,80000000,6.9
London Boulevard,-24983925,16075,25000000,6.2
The Way Back,-27298141,2701859,30000000,7.3
Killers,-27940037,47059963,75000000,5.5
Scott Pilgrim vs. the World,-28475725,31524275,60000000,7.5
The Tourist,-32368843,67631157,100000000,6
The A-Team,-32777901,77222099,110000000,6.7
Jonah Hex,-36452883,10547117,47000000,4.7
Edge of Darkness,-36686110,43313890,80000000,6.6
Knight and Day,-40576965,76423035,117000000,6.3
Cats & Dogs: The Revenge of Kitty Galore,-41414247,43585753,85000000,4.3
The Chronicles of Narnia: The Voyage of the Dawn Treader,-50613050,104386950,155000000,6.3
Tangled,-59178064,200821936,260000000,7.7
Green Zone,-64946340,35053660,100000000,6.8
Gulliver's Travels,-69220739,42779261,112000000,4.9
The Sorcerer's Apprentice,-86849009,63150991,150000000,6.1
The Wolfman,-88020320,61979680,150000000,5.8
How Do You Know,-89787380,30212620,120000000,5.4
Robin Hood,-94730270,105269730,200000000,6.6
Prince of Persia: The Sands of Time,-109240324,90759676,200000000,6.6
2011,1505657327,9603482327,8097825000,1057.2
Harry Potter and the Deathly Hallows: Part 2,256409310,381409310,125000000,8.1
The Hangover Part II,174464305,254464305,80000000,6.4
The Twilight Saga: Breaking Dawn - Part 1,171287133,281287133,110000000,4.9
Transformers: Dark of the Moon,157390543,352390543,195000000,6.2
The Help,144708112,169708112,25000000,8
Bridesmaids,136606725,169106725,32500000,6.8
Paranormal Activity 3,99028807,104028807,5000000,5.8
Fast Five,84837675,209837675,125000000,7.3
Rise of the Planet of the Apes,83760185,176760185,93000000,7.6
Horrible Bosses,82538559,117538559,35000000,6.9
Bad Teacher,80292856,100292856,20000000,5.6
Super 8,77004179,127004179,50000000,7
Mission: Impossible - Ghost Protocol,64397903,209397903,145000000,7.4
Gnomeo & Juliet,63967670,99967670,36000000,5.9
The Descendants,62584160,82584160,20000000,7.3
Sherlock Holmes: A Game of Shadows,61848418,186848418,125000000,7.5
Alvin and the Chipmunks: Chipwrecked,58110742,133110742,75000000,4.3
Rio,53619809,143619809,90000000,6.9
Limitless,52249455,79249455,27000000,7.4
No Strings Attached,45662220,70662220,25000000,6.2
Hop,45085305,108085305,63000000,5.4
The Muppets,43631237,88631237,45000000,7.1
Midnight in Paris,39817045,56817045,17000000,7.7
Captain America: The First Avenger,36654505,176654505,140000000,6.9
The Best Exotic Marigold Hotel,36412041,46412041,10000000,7.2
Dolphin Tale,35286779,72286779,37000000,6.9
"Crazy, Stupid, Love.",34351197,84351197,50000000,7.4
Unknown,33686397,63686397,30000000,6.8
The Smurfs,32614158,142614158,110000000,5.4
Courageous,32522221,34522221,2000000,7
Diary of a Wimpy Kid: Rodrick Rules,31698535,52698535,21000000,6.5
Thor,31030624,181030624,150000000,7
The Artist,29671682,44671682,15000000,7.9
The Ides of March,28462534,40962534,12500000,7.1
Footloose,27802742,51802742,24000000,5.9
50/50,27014192,35014192,8000000,7.6
The Grey,26580236,51580236,25000000,6.8
Soul Surfer,25853424,43853424,18000000,7
We Bought a Zoo,25624550,75624550,50000000,7.1
Moneyball,25605492,75605492,50000000,7.6
Just Go with It,23028109,103028109,80000000,6.4
Source Code,22712227,54712227,32000000,7.5
The Roommate,21300000,37300000,16000000,4.8
Friends with Benefits,20802754,55802754,35000000,6.5
Water for Elephants,20709717,58709717,38000000,6.9
Drive,20061555,35061555,15000000,7.8
Our Idiot Brother,19816118,24816118,5000000,6.4
Puss in Boots,19260504,149260504,130000000,6.6
The Lincoln Lawyer,18009200,58009200,40000000,7.3
You're Next,17494006,18494006,1000000,6.6
A Very Harold & Kumar 3D Christmas,16061031,35061031,19000000,6.3
Contagion,15658097,75658097,60000000,6.7
Kung Fu Panda 2,15249063,165249063,150000000,7.2
War Horse,13884879,79884879,66000000,7.2
Battle Los Angeles,13552429,83552429,70000000,5.7
Mr. Popper's Penguins,13224452,68224452,55000000,6
Apollo 18,12687709,17687709,5000000,5.2
The Girl with the Dragon Tattoo,12515793,102515793,90000000,7.8
The Adjustment Bureau,12295645,62495645,50200000,7
The Cabin in the Woods,12073277,42073277,30000000,7
Spy Kids 4: All the Time in the World,11538188,38538188,27000000,3.5
Beastly,10865571,27865571,17000000,5.6
Silent House,10754783,12754783,2000000,5.2
Hanna,10259119,40259119,30000000,6.8
Hall Pass,9060734,45060734,36000000,5.8
30 Minutes or Less,9053924,37053924,28000000,6.1
Immortals,8504017,83504017,75000000,6
"Big Mommas: Like Father, Like Son",5915414,37915414,32000000,4.4
Larry Crowne,5608245,35608245,30000000,6.1
The Sitter,5441326,30441326,25000000,5.7
Young Adult,4311571,16311571,12000000,6.2
Bernie,4206470,9206470,5000000,6.8
Something Borrowed,4046489,39046489,35000000,5.9
Monte Carlo,3186769,23186769,20000000,5.8
Like Crazy,3145391,3395391,250000,6.7
Tower Heist,3046570,78046570,75000000,6.2
Final Destination 5,2587643,42587643,40000000,5.8
J. Edgar,2306030,37306030,35000000,6.5
Prom,2130219,10130219,8000000,5.4
Margin Call,1854039,5354039,3500000,7.1
Your Sister's Sister,1511190,1636190,125000,6.7
Another Earth,1221194,1321194,100000,7
Zookeeper,360843,80360843,80000000,5.2
The Innkeepers,-671604,78396,750000,5.4
One Day,-1156229,13843771,15000000,7
New Year's Eve,-1455362,54544638,56000000,5.7
Scream 4,-1819072,38180928,40000000,6.1
In Time,-2479905,37520095,40000000,6.7
Paul,-2587055,37412945,40000000,7
Shame,-2590998,3909002,6500000,7.2
Friends with Kids,-2748927,7251073,10000000,6.1
Red State,-2895318,1104682,4000000,6.2
Cedar Rapids,-3138898,6861102,10000000,6.2
Take Shelter,-3269704,1730296,5000000,7.4
Winnie the Pooh,-3307154,26692846,30000000,7.2
Colombiana,-3334146,36665854,40000000,6.4
The Rite,-3952367,33047633,37000000,6
Haywire,-4057604,18942396,23000000,5.8
Red Riding Hood,-4337838,37662162,42000000,5.5
Jack and Jill,-4841843,74158157,79000000,3.3
I Am Number Four,-4899563,55100437,60000000,6.1
Albert Nobbs,-4985304,3014696,8000000,6.7
Flypaper,-4994957,5043,5000000,6.4
Ghost Rider: Spirit of Vengeance,-5225998,51774002,57000000,4.3
We Need to Talk About Kevin,-5261308,1738692,7000000,7.5
The Eagle,-5509959,19490041,25000000,6.2
"Jeff, Who Lives at Home",-5730574,4269426,10000000,6.5
What's Your Number?,-5988916,14011084,20000000,6.1
Shark Night 3D,-6122847,18877153,25000000,4
Sanctum,-6790690,23209310,30000000,5.9
Abduction,-6912845,28087155,35000000,5.1
Arthur,-6964603,33035397,40000000,5.7
Bucky Larson: Born to Be a Star,-7470605,2529395,10000000,3.2
Restless,-7836735,163265,8000000,6.8
Violet & Daisy,-7982814,17186,8000000,6.1
Extremely Loud & Incredibly Close,-8152119,31847881,40000000,6.9
A Better Life,-8240748,1759252,10000000,7.2
Cars 2,-8547604,191452396,200000000,6.1
The Darkest Hour,-8556506,21443494,30000000,4.9
Pirates of the Caribbean: On Stranger Tides,-8928198,241071802,250000000,6.6
Killer Joe,-9012238,1987762,11000000,6.7
The Ledge,-9990784,9216,10000000,6.5
Kill the Irishman,-10811806,1188194,12000000,7.1
The Mechanic,-10878502,29121498,40000000,6.6
Rampart,-11027488,972512,12000000,5.8
Warrior,-11342885,13657115,25000000,8.2
Rango,-11522393,123477607,135000000,7.2
Fright Night,-11697393,18302607,30000000,6.3
5 Days of War,-11982521,17479,12000000,5.6
The Double,-13362079,137921,13500000,5.9
X: First Class,-13591695,146408305,160000000,7.7
Margaret,-13953505,46495,14000000,6.4
I Don't Know How She Does It,-14337716,9662284,24000000,4.9
Straw Dogs,-14675559,10324441,25000000,5.8
The Change-Up,-14918525,37081475,52000000,6.3
The Son of No One,-14969320,30680,15000000,5.1
Season of the Witch,-15172772,24827228,40000000,5.4
Atlas Shrugged: Part I,-15372625,4627375,20000000,5.6
Take Me Home Tonight,-16071932,6928068,23000000,6.3
Seeking Justice,-16588254,411746,17000000,6.2
The Tree of Life,-18696681,13303319,32000000,6.8
The Beaver,-20029184,970816,21000000,6.6
The Thing,-21071330,16928670,38000000,6.2
The Green Hornet,-21219958,98780042,120000000,5.8
The Dilemma,-21524710,48475290,70000000,5.3
Carnage,-22452953,2547047,25000000,7.2
Real Steel,-24531492,85468508,110000000,7.1
Anonymous,-25536708,4463292,30000000,6.9
Your Highness,-28303555,21596445,49900000,5.5
Dream House,-28697660,21302340,50000000,6
Machine Gun Preacher,-29461310,538690,30000000,6.8
Priest,-30863000,29137000,60000000,5.7
The Rum Diary,-31890185,13109815,45000000,6.2
The Big Year,-33795862,7204138,41000000,6.2
Trespass,-34975906,24094,35000000,5.3
Johnny English Reborn,-36694030,8305970,45000000,6.3
Drive Angry,-39278967,10721033,50000000,5.4
Sucker Punch,-45607498,36392502,82000000,6
Arthur Christmas,-53537531,46462469,100000000,7.1
The Three Musketeers,-54625516,20374484,75000000,5.7
The Adventures of Tintin,-57408169,77591831,135000000,7.3
Cowboys & Aliens,-62759449,100240551,163000000,6
Conan the Barbarian,-68704979,21295021,90000000,5.2
Happy Feet Two,-70993534,64006466,135000000,5.9
Hugo,-76135493,73864507,150000000,7.5
Green Lantern,-83398828,116601172,200000000,5.5
Mars Needs Moms,-128607242,21392758,150000000,5.4
2012,2503280832,9919800832,7416520000,982.2
The Avengers,403357910,623357910,220000000,8
The Hunger Games,330010692,408010692,78000000,7.2
The Dark Knight Rises,198139099,448139099,250000000,8.4
The Twilight Saga: Breaking Dawn - Part 2,172324737,292324737,120000000,5.5
Ted,168815487,218815487,50000000,6.9
The Lorax,144030500,214030500,70000000,6.4
The Hobbit: An Unexpected Journey,123003568,303003568,180000000,7.8
Lincoln,117207973,182207973,65000000,7.3
Silver Linings Playbook,111092958,132092958,21000000,7.7
Magic Mike,106721571,113721571,7000000,6.1
Skyfall,104360277,304360277,200000000,7.7
21 Jump Street,96447667,138447667,42000000,7.2
The Vow,95014030,125014030,30000000,6.8
Taken 2,94854287,139854287,45000000,6.3
Argo,91525503,136025503,44500000,7.7
Les Mis√©rables,87809770,148809770,61000000,7.6
Think Like a Man,79547205,91547205,12000000,6.6
Madagascar 3: Europe's Most Wanted,71391482,216391482,145000000,6.8
Ice Age: Continental Drift,66321843,161321843,95000000,6.6
Hotel Transylvania,63313048,148313048,85000000,7.1
Django Unchained,62805434,162805434,100000000,8.4
Flight,62772375,93772375,31000000,7.3
Act of Valor,58012847,70012847,12000000,6.5
Zero Dark Thirty,55720716,95720716,40000000,7.4
Chronicle,52575175,64575175,12000000,7
Brave,52283207,237283207,185000000,7.1
Parental Guidance,52267296,77267296,25000000,6
The Devil Inside,52261944,53261944,1000000,4.2
Paranormal Activity 4,48885000,53885000,5000000,4.6
Pitch Perfect,48001093,65001093,17000000,7.2
Sinister,45086903,48086903,3000000,6.8
Project X,42731865,54731865,12000000,6.6
Contraband,41528000,66528000,25000000,6.5
Safe House,41373434,126373434,85000000,6.7
The Woman in Black,37333290,54333290,17000000,6.4
Looper,36486205,66486205,30000000,7.4
The Lucky One,35457138,60457138,25000000,6.5
The Possession,35130154,49130154,14000000,5.9
End of Watch,34003371,41003371,7000000,7.6
Hope Springs,33536011,63536011,30000000,6.3
This Is 40,32544505,67544505,35000000,6.2
The Amazing Spider-Man,32030663,262030663,230000000,6.9
Moonrise Kingdom,29512466,45512466,16000000,7.8
Diary of a Wimpy Kid: Dog Days,27008662,49008662,22000000,6.3
The Odd Life of Timothy Green,26854875,51854875,25000000,6.6
Journey 2: The Mysterious Island,24860290,103860290,79000000,5.8
Wreck-It Ralph,24422889,189422889,165000000,7.7
House at the End of the Street,21611916,31611916,10000000,5.6
Jack Reacher,20070736,80070736,60000000,7
Chernobyl Diaries,17119640,18119640,1000000,5
Escape from Planet Earth,17012977,57012977,40000000,5.9
The Three Stooges,14338224,44338224,30000000,5.1
Hit and Run,11749300,13749300,2000000,6.1
Mud,11590086,21590086,10000000,7.4
Lawless,11400127,37400127,26000000,7.3
Beasts of the Southern Wild,10995746,12795746,1800000,7.3
Spring Breakers,9124284,14124284,5000000,5.3
American Reunion,7011521,57011521,50000000,6.7
The Place Beyond the Pines,6403519,21403519,15000000,7.3
Trouble with the Curve,5763137,35763137,30000000,6.8
The Words,5494838,11494838,6000000,7
The Sessions,5002451,6002451,1000000,7.2
The Perks of Being a Wallflower,4742948,17742948,13000000,8
Here Comes the Boom,3290318,45290318,42000000,6.4
Safety Not Guaranteed,3260957,4010957,750000,7
The Company You Keep,3133027,5133027,2000000,6.4
Savages,2382068,47382068,45000000,6.5
Step Up Revolution,2074677,35074677,33000000,6.4
Sleepwalk with Me,1266067,2266067,1000000,6.8
What to Expect When You're Expecting,1152203,41152203,40000000,5.7
Robot & Frank,825038,3325038,2500000,7.1
The Man with the Iron Fists,634090,15634090,15000000,5.4
"For a Good Time, Call...",401749,1251749,850000,6
Compliance,49285,319285,270000,6.4
Killing Them Softly,26056,15026056,15000000,6.2
Seven Psychopaths,24049,15024049,15000000,7.2
Smashed,-123403,376597,500000,6.8
The Lords of Salem,-334118,1165882,1500000,5.1
It's a Disaster,-439182,60818,500000,6.4
Brake,-495124,4876,500000,6.1
The Collection,-657942,6842058,7500000,6.1
The Brass Teapot,-893003,6997,900000,6.4
The Five-Year Engagement,-1164472,28835528,30000000,6.2
Liberal Arts,-1672655,327345,2000000,6.7
The First Time,-1977164,22836,2000000,6.8
Bachelorette,-2552046,447954,3000000,5.3
No One Lives,-2825082,74918,2900000,6
The Guilt Trip,-2865785,37134215,40000000,5.7
Seeking a Friend for the End of the World,-2921262,7078738,10000000,6.7
ATM,-2996990,3010,3000000,4.7
Prometheus,-3522916,126477084,130000000,7
People Like Us,-3565222,12434778,16000000,7.1
Frankenweenie,-3708932,35291068,39000000,6.9
ParaNorman,-3996949,56003051,60000000,7
Arbitrage,-4080426,7919574,12000000,6.6
Fun Size,-4590462,9409538,14000000,5.4
Piranha 3DD,-4623488,376512,5000000,3.7
What Maisie Knew,-4933529,1066471,6000000,7.4
The Dictator,-5349778,59650222,65000000,6.4
Ruby Sparks,-5459894,2540106,8000000,7.2
Lockout,-5673136,14326864,20000000,6.1
Maniac,-5968919,31081,6000000,6.1
Promised Land,-7402102,7597898,15000000,6.6
Underworld Awakening,-7678961,62321039,70000000,6.4
The Iceman,-8030807,1969193,10000000,6.8
The Campaign,-8092254,86907746,95000000,6.1
Red Tails,-8123623,49876377,58000000,5.9
Disconnect,-8563100,1436900,10000000,7.5
Alex Cross,-9111588,25888412,35000000,5.1
Hitchcock,-9691323,6008677,15700000,6.8
The Raven,-9991728,16008272,26000000,6.4
Universal Soldier: Day of Reckoning,-9994540,5460,10000000,5
This Means War,-10239209,54760791,65000000,6.3
Stand Up Guys,-11689969,3310031,15000000,6.5
The Bourne Legacy,-11796130,113203870,125000000,6.7
The Paperboy,-11806714,693286,12500000,5.8
Deadfall,-11933649,66351,12000000,6.3
The Apparition,-12063181,4936819,17000000,4.1
Safe,-12857920,17142080,30000000,6.5
One for the Money,-13585473,26414527,40000000,5.3
Chasing Mavericks,-13997244,6002756,20000000,7.2
Snow White and the Huntsman,-14667619,155332381,170000000,6.1
Premium Rush,-14724554,20275446,35000000,6.5
The Expendables 2,-14971808,85028192,100000000,6.6
The Master,-15622726,16377274,32000000,7.2
The Cold Light of Day,-16236417,3763583,20000000,4.9
The Oogieloves in the Big Balloon Adventure,-18934093,1065907,20000000,2.1
Big Miracle,-19842700,20157300,40000000,6.5
Mirror Mirror,-20064833,64935167,85000000,5.6
Red Dawn,-20193217,44806783,65000000,5.4
A Thousand Words,-21549873,18450127,40000000,5.9
Playing for Keeps,-21896728,13103272,35000000,5.7
Resident Evil: Retribution,-22654469,42345531,65000000,5.4
Man on a Ledge,-23380000,18620000,42000000,6.6
The Pirates! In an Adventure with Scientists!,-23948874,31051126,55000000,6.7
On the Road,-24255704,744296,25000000,6.1
Lo imposible,-25980118,19019882,45000000,7.6
Lay the Favorite,-26329002,20998,26350000,4.8
Abraham Lincoln: Vampire Hunter,-31480861,37519139,69000000,5.9
The Watch,-32647000,35353000,68000000,5.7
That's My Boy,-33068911,36931089,70000000,5.5
Stolen,-34695682,304318,35000000,5.5
Bullet to the Head,-35510171,9489829,45000000,5.7
Rock of Ages,-36481387,38518613,75000000,5.9
Dredd,-36585286,13414714,50000000,7.1
Rise of the Guardians,-41587242,103412758,145000000,7.3
Men in Black 3,-45979146,179020854,225000000,6.8
Total Recall,-66122031,58877969,125000000,6.3
Wrath of the Titans,-66329917,83670083,150000000,5.7
Dark Shadows,-70272851,79727149,150000000,6.2
Cloud Atlas,-74891728,27108272,102000000,7.4
Battleship,-143577375,65422625,209000000,5.8
John Carter,-176921900,73078100,250000000,6.6
2013,2283641247,10198836247,7915195000,1046.5
The Hunger Games: Catching Fire,294668047,424668047,130000000,7.5
Despicable Me 2,292065385,368065385,76000000,7.3
Frozen,250738009,400738009,150000000,7.4
Iron Man Three,209013994,409013994,200000000,7.2
Gravity,174092705,274092705,100000000,7.7
The Conjuring,117400141,137400141,20000000,7.5
The Heat,116582188,159582188,43000000,6.6
We're the Millers,113394119,150394119,37000000,7
American Hustle,110117807,150117807,40000000,7.2
Identity Thief,99506920,134506920,35000000,5.7
Bad Grandpa,87003019,102003019,15000000,6.5
The Butler,86632095,116632095,30000000,7.2
Lone Survivor,85095601,125095601,40000000,7.5
Furious 6,78679850,238679850,160000000,7.1
Insidious: Chapter 2,78586447,83586447,5000000,6.6
Anchorman 2: The Legend Continues,77352707,127352707,50000000,6.3
This Is the End,69470202,101470202,32000000,6.6
Monsters University,68492764,268492764,200000000,7.3
Man of Steel,66045518,291045518,225000000,7
The Purge,61473115,64473115,3000000,5.7
42,55020213,95020213,40000000,7.5
Grown Ups 2,53668525,133668525,80000000,5.4
The Best Man Holiday,53525195,70525195,17000000,6.7
The Croods,52168425,187168425,135000000,7.2
Captain Phillips,52100855,107100855,55000000,7.8
Saving Mr. Banks,48301580,83301580,35000000,7.5
Safe Haven,43349120,71349120,28000000,6.7
Now You See Me,42723989,117723989,75000000,7.3
Cloudy with a Chance of Meatballs 2,41793567,119793567,78000000,6.4
Planes,40288712,90288712,50000000,5.7
The Great Gatsby,39840419,144840419,105000000,7.2
The Call,38872378,51872378,13000000,6.7
Star Trek Into Darkness,38778661,228778661,190000000,7.7
A Haunted House,37541683,40041683,2500000,5
Evil Dead,37239856,54239856,17000000,6.5
12 Years a Slave,36671993,56671993,20000000,8.1
Thor: The Dark World,36362140,206362140,170000000,6.9
Last Vegas,35914167,63914167,28000000,6.6
The Hobbit: The Desolation of Smaug,33366855,258366855,225000000,7.8
Warm Bodies,31380662,66380662,35000000,6.9
Olympus Has Fallen,28925640,98925640,70000000,6.5
Snitch,27930462,42930462,15000000,6.4
Philomena,25709979,37709979,12000000,7.6
Pain & Gain,23875291,49875291,26000000,6.4
Oculus,22695246,27695246,5000000,6.5
Dallas Buyers Club,22298285,27298285,5000000,8
Don Jon,21477704,24477704,3000000,6.5
Oz the Great and Powerful,19911825,234911825,215000000,6.3
The Wolf of Wall Street,16900694,116900694,100000000,8.2
The Way Way Back,16506546,21506546,5000000,7.4
Blue Jasmine,15405481,33405481,18000000,7.3
Fruitvale Station,15201339,16101339,900000,7.5
Prisoners,15002302,61002302,46000000,8.1
2 Guns,14612460,75612460,61000000,6.7
Texas Chainsaw 3D,14341945,34341945,20000000,4.8
Dark Skies,13918667,17418667,3500000,6.3
August: Osage County,12738810,37738810,25000000,7.2
21 & Over,12682380,25682380,13000000,5.8
The Wolverine,12556852,132556852,120000000,6.7
World War Z,12359711,202359711,190000000,7
Scary Movie 5,12015787,32015787,20000000,3.5
The Last Exorcism Part II,10179302,15179302,5000000,4
Enough Said,9550872,17550872,8000000,7
The Hangover Part III,9200072,112200072,103000000,5.8
Begin Again,8170632,16170632,8000000,7.4
Epic,7518682,107518682,100000000,6.7
The Family,6918811,36918811,30000000,6.3
The World's End,6004851,26004851,20000000,7
Hansel & Gretel: Witch Hunters,5703475,55703475,50000000,6.1
Nebraska,5654912,17654912,12000000,7.7
Carrie,5266619,35266619,30000000,5.9
Before Midnight,5114627,8114627,3000000,7.9
Admission,5007317,18007317,13000000,5.7
Delivery Man,4664106,30664106,26000000,6.4
The Spectacular Now,4354611,6854611,2500000,7.1
Jobs,4131410,16131410,12000000,5.9
Riddick,4025135,42025135,38000000,6.4
Movie 43,2840453,8840453,6000000,4.3
Her,2568251,25568251,23000000,8
The Book Thief,2488481,21488481,19000000,7.6
Inside Llewyn Davis,2235319,13235319,11000000,7.5
The Green Inferno,2192291,7192291,5000000,5.3
Side Effects,2172757,32172757,30000000,7.1
The To Do List,1991669,3491669,1500000,5.8
Kick-Ass 2,795985,28795985,28000000,6.5
Free Birds,750480,55750480,55000000,5.8
Upstream Color,394098,444098,50000,6.7
Coherence,52617,102617,50000,7.2
Cheap Thrills,-140576,59424,200000,6.7
Blue Ruin,-161616,258384,420000,7.1
The Canyons,-193175,56825,250000,3.8
Prince Avalanche,-519861,205139,725000,6.3
Locke,-624231,1375769,2000000,7.1
Homefront,-1841102,20158898,22000000,6.5
The Bling Ring,-2154268,5845732,8000000,5.6
Bad Words,-2220386,7779614,10000000,6.6
Syrup,-2499337,663,2500000,5.7
All Is Lost,-2736330,6263670,9000000,6.9
Joe,-3626625,373375,4000000,6.9
Adult World,-3974632,25368,4000000,6.1
The Sacrament,-3990779,9221,4000000,6.1
Only God Forgives,-4020812,779188,4800000,5.7
The East,-4198161,2301839,6500000,6.8
Labor Day,-4628472,13371528,18000000,6.9
Filth,-4965589,34411,5000000,7.1
Pawn Shop Chronicles,-4991912,8088,5000000,5.9
Anna,-6995712,4288,7000000,6.5
The Incredible Burt Wonderstone,-7462119,22537881,30000000,5.9
G.I. Joe: Retaliation,-7476940,122523060,130000000,5.8
Getaway,-7498062,10501938,18000000,4.4
The Counselor,-8026285,16973715,25000000,5.3
The Zero Theorem,-8242294,257706,8500000,6.1
Welcome to the Punch,-8490253,9747,8500000,6.1
Closed Circuit,-9249599,5750401,15000000,6.2
Parkland,-9346349,653651,10000000,6.4
Lovelace,-9643418,356582,10000000,6.2
Grudge Match,-10192740,29807260,40000000,6.4
Stoker,-10285779,1714221,12000000,6.8
Out of the Furnace,-10669151,11330849,22000000,6.8
Runner Runner,-10683354,19316646,30000000,5.6
Under the Skin,-10685749,2614251,13300000,6.3
Rush,-11052376,26947624,38000000,8.1
Life of Crime,-11734548,265452,12000000,5.8
Machete Kills,-11991839,8008161,20000000,5.6
The Big Wedding,-13180652,21819348,35000000,5.6
The Internship,-13327236,44672764,58000000,6.3
The Host,-13372799,26627201,40000000,5.9
The Immigrant,-13974672,2025328,16000000,6.6
Gangster Squad,-13999097,46000903,60000000,6.7
Metallica Through the Never,-14580033,3419967,18000000,7.2
Broken City,-15298836,19701164,35000000,6.2
Phantom,-16965411,1034589,18000000,5.9
Parker,-17383359,17616641,35000000,6.2
Trance,-17671257,2328743,20000000,6.9
Dead Man Down,-19104705,10895295,30000000,6.5
Hummingbird,-19963105,36895,20000000,6.2
Percy Jackson: Sea of Monsters,-21440446,68559554,90000000,5.8
Elysium,-21949883,93050117,115000000,6.6
A Good Day to Die Hard,-24650802,67349198,92000000,5.3
The Fifth Estate,-24744992,3255008,28000000,6.2
Escape Plan,-24864035,25135965,50000000,6.7
Blood Ties,-25457528,42472,25500000,6.5
Third Person,-26978602,1021398,28000000,6.3
Paranoia,-27611346,7388654,35000000,5.7
Oldboy,-27806342,2193658,30000000,5.7
The Mortal Instruments: City of Bones,-28834579,31165421,60000000,5.9
RED 2,-30737440,53262560,84000000,6.6
Oblivion,-30892765,89107235,120000000,7
The Secret Life of Walter Mitty,-31763162,58236838,90000000,7.3
The Last Stand,-32949701,12050299,45000000,6.3
The Smurfs 2,-33982216,71017784,105000000,5.3
Beautiful Creatures,-40547862,19452138,60000000,6.1
Walking with Dinosaurs 3D,-43923879,36076121,80000000,5.2
Ender's Game,-48262809,61737191,110000000,6.6
Turbo,-51971872,83028128,135000000,6.4
After Earth,-69477903,60522097,130000000,4.8
White House Down,-76896216,73103784,150000000,6.4
Pacific Rim,-88197094,101802906,190000000,6.9
R.I.P.D.,-96381145,33618855,130000000,5.6
The Lone Ranger,-125697885,89302115,215000000,6.4
47 Ronin,-136637525,38362475,175000000,6.3
2014,2776691483,10428891483,7652200000,1108.2
American Sniper,291326372,350126372,58800000,7.3
The Hunger Games: Mockingjay - Part 1,212135885,337135885,125000000,6.6
The Lego Movie,197760692,257760692,60000000,7.7
Guardians of the Galaxy,163176600,333176600,170000000,8
22 Jump Street,141719337,191719337,50000000,7
Neighbors,132157400,150157400,18000000,6.3
The Fault in Our Stars,112872350,124872350,12000000,7.7
Ride Along,109938200,134938200,25000000,6.2
Gone Girl,106767189,167767189,61000000,8.1
Captain America: The Winter Soldier,89766572,259766572,170000000,7.7
Lucy,86663600,126663600,40000000,6.4
Heaven Is for Real,79443253,91443253,12000000,5.8
Into the Woods,78002372,128002372,50000000,5.9
Annabelle,77773813,84273813,6500000,5.4
The Imitation Game,77125683,91125683,14000000,8
The Maze Runner,68427862,102427862,34000000,6.8
Teenage Mutant Ninja Turtles,66204754,191204754,125000000,5.8
Divergent,65947895,150947895,85000000,6.7
Let's Be Cops,65390774,82390774,17000000,6.4
Tammy,64525432,84525432,20000000,4.9
The Purge: Anarchy,62962800,71962800,9000000,6.4
Maleficent,61410378,241410378,180000000,7
God's Not Dead,58755732,60755732,2000000,4.7
Big Hero 6,57527828,222527828,165000000,7.8
Unbroken,50637895,115637895,65000000,7.2
Kingsman: The Secret Service,47261724,128261724,81000000,7.7
The Equalizer,46530738,101530738,55000000,7.2
Dumb and Dumber To,46208010,86208010,40000000,5.6
Ouija,45856010,50856010,5000000,4.5
The Other Woman,43911193,83911193,40000000,6
Non-Stop,42168600,92168600,50000000,6.9
Taken 3,41256424,89256424,48000000,6
Think Like a Man Too,41182182,65182182,24000000,5.8
Godzilla,40676069,200676069,160000000,6.4
If I Stay,39474843,50474843,11000000,6.7
No Good Deed,39343632,52543632,13200000,5.6
"Alexander and the Terrible, Horrible, No Good, Very Bad Day",38954149,66954149,28000000,6.2
Dawn of the Planet of the Apes,38545589,208545589,170000000,7.6
Son of God,37700064,59700064,22000000,5.7
About Last Night,36137684,48637684,12500000,6.1
Transformers: Age of Extinction,35439076,245439076,210000000,5.6
The Grand Budapest Hotel,34301324,59301324,25000000,8.1
X-Men: Days of Future Past,33921534,233921534,200000000,8
The Hundred-Foot Journey,32240821,54240821,22000000,7.3
Selma,32076908,52076908,20000000,7.5
How to Train Your Dragon 2,32002924,177002924,145000000,7.8
Unfriended,31482090,32482090,1000000,5.5
St. Vincent,31137712,44137712,13000000,7.2
Rio 2,28538435,131538435,103000000,6.3
Paranormal Activity: The Marked Ones,27462372,32462372,5000000,5
Earth to Echo,25934842,38934842,13000000,5.8
Birdman or (The Unexpected Virtue of Ignorance),24340598,42340598,18000000,7.7
Nightcrawler,23881217,32381217,8500000,7.9
John Wick,23037835,43037835,20000000,7.4
Interstellar,23020017,188020017,165000000,8.6
Wild,22880356,37880356,15000000,7.1
The Nut Job,22251541,64251541,42000000,5.7
Boyhood,21352281,25352281,4000000,7.9
Paddington,21271832,76271832,55000000,7.2
Annie,20911262,85911262,65000000,5.3
The Theory of Everything,20893537,35893537,15000000,7.7
Chef,20424003,31424003,11000000,7.3
The Giver,20090374,45090374,25000000,6.5
That Awkward Moment,18068955,26068955,8000000,6.1
Fury,17817906,85817906,68000000,7.6
"As Above, So Below",16321100,21321100,5000000,6.2
When the Game Stands Tall,15127963,30127963,15000000,6.7
This Is Where I Leave You,14496320,34296320,19800000,6.6
Still Alice,13754371,18754371,5000000,7.5
It Follows,13674076,14674076,1000000,6.8
A Haunted House 2,13329486,17329486,4000000,4.7
Top Five,13317471,25317471,12000000,6.4
Black or White,12571189,21571189,9000000,6.6
Horrible Bosses 2,12445357,54445357,42000000,6.3
Million Dollar Arm,11457627,36457627,25000000,7
The November Man,10018119,25018119,15000000,6.3
Whiplash,9792000,13092000,3300000,8.5
Planes: Fire & Rescue,9165787,59165787,50000000,6
Devil's Due,8821461,15821461,7000000,4.1
The Gambler,8680992,33680992,25000000,6
The Monuments Men,8031620,78031620,70000000,6.1
Beyond the Lights,7618727,14618727,7000000,6.9
Jersey Boys,7047013,47047013,40000000,6.8
Blended,6294610,46294610,40000000,6.5
Moms' Night Out,5429707,10429707,5000000,5.4
The Hobbit: The Battle of the Five Armies,5119788,255119788,250000000,7.4
Big Eyes,4482031,14482031,10000000,7
Draft Day,3842237,28842237,25000000,6.8
Endless Love,3438250,23438250,20000000,6.3
A Million Ways to Die in the West,3139300,43139300,40000000,6.1
The Amazing Spider-Man 2,2853933,202853933,200000000,6.6
3 Days to Kill,2697999,30697999,28000000,6.2
Love & Mercy,2551031,12551031,10000000,7.4
Saving Christmas,2283970,2783970,500000,1.4
A Most Wanted Man,2237855,17237855,15000000,6.8
Muppets Most Wanted,1183113,51183113,50000000,6.4
The Best of Me,766213,26766213,26000000,6.7
Get on Up,703100,30703100,30000000,6.9
Deliver Us from Evil,577122,30577122,30000000,6.2
The One I Love,413447,513447,100000,7.1
The Book of Life,151543,50151543,50000000,7.3
God's Pocket,-830024,169976,1000000,6.1
Camp X-Ray,-986698,13302,1000000,6.9
Honeymoon,-990682,9318,1000000,5.7
Tusk,-1173295,1826705,3000000,5.3
Clown,-1444993,55007,1500000,5.7
Sex Tape,-1456527,38543473,40000000,5.1
A Walk Among the Tombstones,-1692400,26307600,28000000,6.5
Rosewater,-1871059,3128941,5000000,6.6
The Drop,-1875611,10724389,12600000,7.1
Lost River,-1954569,45431,2000000,5.7
Left Behind,-1980076,14019924,16000000,3.1
Life After Beth,-2311727,88273,2400000,5.6
Into the Storm,-2397806,47602194,50000000,5.8
Wish I Was Here,-2408701,3591299,6000000,6.7
The Disappearance of Eleanor Rigby: Them,-2412226,587774,3000000,6.3
While We're Young,-2412515,7587485,10000000,6.3
Veronica Mars,-2677873,3322127,6000000,6.8
And So It Goes,-2839199,15160801,18000000,5.8
The Judge,-2880612,47119388,50000000,7.4
The Signal,-3399104,600896,4000000,6.1
300: Rise of an Empire,-3419949,106580051,110000000,6.2
The Pyramid,-3743667,2756333,6500000,4.6
Laggies,-3933019,1066981,5000000,6.4
13 Sins,-3986191,13809,4000000,6.3
The Guest,-4667110,332890,5000000,6.7
Better Living Through Chemistry,-4924857,75143,5000000,6.3
Rudderless,-4941707,58293,5000000,7.5
Cake,-5048224,1951776,7000000,6.4
Infinitely Polar Bear,-5269345,1430655,6700000,7
Barefoot,-5984929,15071,6000000,6.6
Magic in the Moonlight,-6260674,10539326,16800000,6.5
99 Homes,-6588073,1411927,8000000,7.1
Brick Mansions,-7603171,20396829,28000000,5.7
The Loft,-7997316,6002684,14000000,6.3
The Boxtrolls,-9162695,50837305,60000000,6.8
Jack Ryan: Shadow Recruit,-9422588,50577412,60000000,6.2
The Rover,-10885577,1114423,12000000,6.4
Inherent Vice,-11889025,8110975,20000000,6.7
Foxcatcher,-11903700,12096300,24000000,7
Night at the Museum: Secret of the Tomb,-13253379,113746621,127000000,6.2
The Homesman,-13570011,2429989,16000000,6.6
Dracula Untold,-13719645,56280355,70000000,6.3
A Most Violent Year,-14250866,5749134,20000000,7
Maps to the Stars,-14649259,350741,15000000,6.2
"Men, Women & Children",-15294092,705908,16000000,6.7
Pawn Sacrifice,-16563367,2436633,19000000,7
The Good Lie,-17277791,2722209,20000000,7.4
The Water Diviner,-18303359,4196641,22500000,7
Before I Go to Sleep,-18757543,3242457,22000000,6.3
Vampire Academy,-22208021,7791979,30000000,5.5
Need for Speed,-22422364,43577636,66000000,6.4
Noah,-23799956,101200044,125000000,5.7
Sabotage,-24491482,10508518,35000000,5.7
Hercules,-27311386,72688614,100000000,6
Serena,-29823609,176391,30000000,5.4
Step Up All In,-30095616,14904384,45000000,6
The Two Faces of January,-30492537,507463,31000000,6.2
Mr. Peabody & Sherman,-33493570,111506430,145000000,6.8
The Interview,-37894825,6105175,44000000,6.5
RoboCop,-41392993,58607007,100000000,6.1
"I, Frankenstein",-45924710,19075290,65000000,5.1
Winter's Tale,-47399769,12600231,60000000,6.2
Penguins of Madagascar,-48149089,83850911,132000000,6.7
The Expendables 3,-50677456,39322544,90000000,6.1
The Legend of Hercules,-51151462,18848538,70000000,4.2
Sin City: A Dame to Kill For,-51242196,13757804,65000000,6.5
Exodus: Gods and Kings,-74985487,65014513,140000000,6
Pompeii,-76780252,23219748,100000000,5.5
Transcendence,-76977691,23022309,100000000,6.3
Seventh Son,-77776735,17223265,95000000,5.5
Edge of Tomorrow,-77793744,100206256,178000000,7.9
2015,2948447163,10079147163,7130700000,1002.5
Star Wars: Episode VII - The Force Awakens,691662225,936662225,245000000,7.9
Jurassic World,502270625,652270625,150000000,7
Minions,262045770,336045770,74000000,6.4
Avengers: Age of Ultron,209005868,459005868,250000000,7.3
Inside Out,181921711,356921711,175000000,8.1
Fast & Furious 7,163007020,353007020,190000000,7.1
Pitch Perfect 2,155296230,184296230,29000000,6.4
Straight Outta Compton,133197785,161197785,28000000,7.8
Fifty Shades of Grey,126167230,166167230,40000000,4.1
The Hunger Games: Mockingjay - Part 2,121723902,281723902,160000000,6.5
The Martian,120433663,228433663,108000000,8
Cinderella,106151353,201151353,95000000,6.9
Daddy's Home,100357137,150357137,50000000,6.2
Hotel Transylvania 2,89700110,169700110,80000000,6.7
The SpongeBob Movie: Sponge Out of Water,88994032,162994032,74000000,6
Trainwreck,75212700,110212700,35000000,6.2
Creed,74767581,109767581,35000000,7.6
War Room,64790117,67790117,3000000,6.5
The Visit,60206105,65206105,5000000,6.2
Sisters,57044645,87044645,30000000,6
Magic Mike XXL,51213057,66013057,14800000,5.6
Get Hard,50411453,90411453,40000000,6
Ant-Man,50202163,180202163,130000000,7.3
The Revenant,48637894,183637894,135000000,8
Spy,45825712,110825712,65000000,7
San Andreas,45190832,155190832,110000000,6.1
Mission: Impossible - Rogue Nation,45042377,195042377,150000000,7.4
Home,42397510,177397510,135000000,6.6
The Big Short,42259870,70259870,28000000,7.8
Insidious: Chapter 3,42218558,52218558,10000000,6.1
The Wedding Ringer,41460211,64460211,23000000,6.6
Paul Blart: Mall Cop 2,41038190,71038190,30000000,4.4
The Intern,40764672,75764672,35000000,7.1
The Gift,38787265,43787265,5000000,7
Bridge of Spies,32313754,72313754,40000000,7.6
The Boy Next Door,31423380,35423380,4000000,4.7
The Peanuts Movie,31178411,130178411,99000000,7.1
Vacation,27884188,58884188,31000000,6.1
Krampus,27725475,42725475,15000000,6.1
"McFarland, USA",27482410,44482410,17000000,7.4
Brooklyn,27322743,38322743,11000000,7.5
The Duff,25530343,34030343,8500000,6.5
Spotlight,25055776,45055776,20000000,8.1
The Second Best Exotic Marigold Hotel,23078266,33078266,10000000,6.6
The Gallows,22664410,22764410,100000,4.2
Max,22656255,42656255,20000000,6.7
The Lazarus Effect,22501570,25801570,3300000,5.2
Southpaw,22421953,52421953,30000000,7.4
Goosebumps,22080379,80080379,58000000,6.3
A Walk in the Woods,21504281,29504281,8000000,6.3
The VVitch: A New-England Folktale,21138705,25138705,4000000,6.9
Maze Runner: The Scorch Trials,20697192,81697192,61000000,6.3
Insurgent,20179072,130179072,110000000,6.2
Paper Towns,20000304,32000304,12000000,6.3
The Night Before,18047372,43047372,25000000,6.4
Sinister 2,17740955,27740955,10000000,5.3
The Age of Adaline,17629776,42629776,25000000,7.2
Sicario,16889293,46889293,30000000,7.6
Ted 2,13476385,81476385,68000000,6.3
"Hello, My Name Is Doris",13444999,14444999,1000000,6.6
Poltergeist,12425125,47425125,35000000,4.9
No Escape,11088872,27288872,16200000,6.8
Dope,10506470,17506470,7000000,7.2
Project Almanac,10348241,22348241,12000000,6.4
The Hateful Eight,10117416,54117416,44000000,7.8
Black Mass,9575678,62575678,53000000,6.9
Love the Coopers,9302731,26302731,17000000,5.8
Ricki and the Flash,8822144,26822144,18000000,5.9
Paranormal Activity: The Ghost Dimension,8300124,18300124,10000000,4.6
Hardcore Henry,7252038,9252038,2000000,6.7
Mr. Holmes,6737646,17737646,11000000,6.9
Grandma,6380524,6980524,600000,6.7
Focus,3762963,53862963,50100000,6.6
The Longest Ride,3446117,37446117,34000000,7.1
Entourage,2363404,32363404,30000000,6.6
Room,1677654,14677654,13000000,8.1
We Are Your Friends,1591417,3591417,2000000,6.2
The Meddler,1067218,4267218,3200000,6.3
Carol,911491,12711491,11800000,7.2
Secret in Their Eyes,680155,20180155,19500000,6.3
Tangerine,602354,702354,100000,7.1
Hot Pursuit,-419799,34580201,35000000,5.1
Concussion,-457526,34542474,35000000,7.1
The Diary of a Teenage Girl,-522998,1477002,2000000,6.9
Cop Car,-665448,134552,800000,6.3
Me and Earl and the Dying Girl,-1241584,6758416,8000000,7.7
Hot Tub Time Machine 2,-1685349,12314651,14000000,5.1
Green Room,-1779629,3220371,5000000,7
The D Train,-2326849,673151,3000000,5
Knock Knock,-2463664,36336,2500000,4.9
Joy,-3548768,56451232,60000000,6.6
The Danish Girl,-3885982,11114018,15000000,7.1
Alvin and the Chipmunks: The Road Chip,-4113013,85886987,90000000,5
Anomalisa,-4240714,3759286,8000000,7.3
Danny Collins,-4362934,5637066,10000000,7
Area 51,-4992444,7556,5000000,4.2
Mississippi Grind,-5869459,130541,6000000,6.4
Beasts of No Nation,-5909223,90777,6000000,7.7
The Man Who Knew Infinity,-6133206,3866794,10000000,7.2
The Vatican Tapes,-6215237,1784763,8000000,4.8
Burnt,-6348054,13651946,20000000,6.6
Freeheld,-6426665,573335,7000000,6.6
Irrational Man,-6969640,4030360,11000000,6.6
Truth,-7058146,2541854,9600000,6.8
Trumbo,-7142259,7857741,15000000,7.5
Eddie the Eagle,-7210611,15789389,23000000,7.4
Z for Zachariah,-7378539,121461,7500000,6
Mr. Right,-7965306,34694,8000000,6.3
Demolition,-8021408,1978592,10000000,7
Heist,-8849864,50136,8900000,6.1
Pixels,-9252415,78747585,88000000,5.5
By the Sea,-9461540,538460,10000000,5.3
Louder Than Bombs,-10836193,163807,11000000,6.6
Scouts Guide to the Zombie Apocalypse,-11296954,3703046,15000000,6.3
Everest,-11517730,43482270,55000000,7.1
Rock the Kasbah,-11979336,3020664,15000000,5.5
Steve Jobs,-12233342,17766658,30000000,7.2
Hitman: Agent 47,-12532550,22467450,35000000,5.7
Little Boy,-13514039,6485961,20000000,7.4
American Ultra,-13559015,14440985,28000000,6.1
Self/less,-13720309,12279691,26000000,6.5
The 33,-13772278,12227722,26000000,6.9
Macbeth,-13889293,1110707,15000000,6.6
Colonia,-13984291,15709,14000000,7.1
Barely Lethal,-14993925,6075,15000000,5.4
Aloha,-15932884,21067116,37000000,5.4
Equals,-15966742,33258,16000000,6.1
Chappie,-17430732,31569268,49000000,6.8
Dark Places,-19791412,208588,20000000,6.2
Our Brand Is Crisis,-20997739,7002261,28000000,6.1
Jane Got a Gun,-23486207,1513793,25000000,5.9
Run All Night,-23538356,26461644,50000000,6.6
Crimson Peak,-23909680,31090320,55000000,6.5
Unfinished Business,-24780499,10219501,35000000,5.4
The Walk,-24862498,10137502,35000000,7.3
The Sea of Trees,-24979556,20444,25000000,6.1
Legend,-28127006,1872994,30000000,6.9
The Gunman,-29335251,10664749,40000000,5.8
Bilal: A New Breed of Hero,-29509027,490973,30000000,7.9
The Man from U.N.C.L.E.,-29554891,45445109,75000000,7.3
Spectre,-44925391,200074609,245000000,6.8
Child 44,-48775670,1224330,50000000,6.5
Mortdecai,-52303866,7696134,60000000,5.5
Victor Frankenstein,-59224924,5775076,65000000,6
Blackhat,-61994020,8005980,70000000,5.4
The Last Witch Hunter,-62632340,27367660,90000000,6
Fantastic Four,-63882452,56117548,120000000,4.3
Terminator Genisys,-65239044,89760956,155000000,6.3
In the Heart of the Sea,-74979242,25020758,100000000,6.9
Point Break,-76217519,28782481,105000000,5.3
The Good Dinosaur,-76912880,123087120,200000000,6.7
Le Petit Prince,-79860848,1339152,81200000,7.7
Tomorrowland,-96563678,93436322,190000000,6.4
Pan,-114911680,35088320,150000000,5.7
Jupiter Ascending,-128612277,47387723,176000000,5.3
2016,2257884089,10948984089,8691100000,1036
Rogue One,332177324,532177324,200000000,7.8
Deadpool,305070709,363070709,58000000,8
The Secret Life of Pets,293384330,368384330,75000000,6.5
Finding Dory,286295561,486295561,200000000,7.3
Sing,195395425,270395425,75000000,7.1
Zootopia,191268248,341268248,150000000,8
The Jungle Book,189001123,364001123,175000000,7.4
Captain America: Civil War,158084349,408084349,250000000,7.8
Suicide Squad,150100054,325100054,175000000,6
Hidden Figures,144607287,169607287,25000000,7.8
Split,129291365,138291365,9000000,7.3
La La Land,121101803,151101803,30000000,8
Moana,98757044,248757044,150000000,7.6
Bad Moms,93257297,113257297,20000000,6.2
Batman v Superman: Dawn of Justice,80360194,330360194,250000000,6.4
Don't Breathe,79317875,89217875,9900000,7.1
Sausage Party,78685686,97685686,19000000,6.1
Central Intelligence,77440871,127440871,50000000,6.3
The Purge: Election Year,69213375,79213375,10000000,6
Doctor Strange,67641920,232641920,165000000,7.5
Sully,65070033,125070033,60000000,7.4
The Conjuring 2,62470008,102470008,40000000,7.3
Lights Out,62368835,67268835,4900000,6.3
10 Cloverfield Lane,57082998,72082998,15000000,7.2
Fantastic Beasts and Where to Find Them,54037575,234037575,180000000,7.3
Arrival,53546139,100546139,47000000,7.9
Ride Along 2,51221830,91221830,40000000,5.9
Miracles from Heaven,48705123,61705123,13000000,7.1
Jason Bourne,42434410,162434410,120000000,6.6
The Accountant,42260045,86260045,44000000,7.3
My Big Fat Greek Wedding 2,41689605,59689605,18000000,6
Lion,39738905,51738905,12000000,8
Manchester by the Sea,38695371,47695371,9000000,7.8
The Shallows,38124043,55124043,17000000,6.3
Me Before You,36245075,56245075,20000000,7.4
Angry Birds,34509366,107509366,73000000,6.3
The Boss,34285885,63285885,29000000,5.4
Barbershop: The Next Cut,34030051,54030051,20000000,5.9
Fences,33682904,57682904,24000000,7.2
The Girl on the Train,30395035,75395035,45000000,6.5
Trolls,28707064,153707064,125000000,6.5
Hacksaw Ridge,27209615,67209615,40000000,8.1
Ouija: Origin of Evil,26144505,35144505,9000000,6.1
The Boy,25819556,35819556,10000000,6
Moonlight,23854932,27854932,4000000,7.4
Why Him?,22323786,60323786,38000000,6.2
Neighbors 2: Sorority Rising,20455765,55455765,35000000,5.7
Nerve,19583626,38583626,19000000,6.5
Risen,16880033,36880033,20000000,6.3
The Forest,16594261,26594261,10000000,4.8
Blair Witch,15777061,20777061,5000000,5
God's Not Dead 2,15774575,20774575,5000000,4.4
Hell or High Water,15007844,27007844,12000000,7.6
Money Monster,14012075,41012075,27000000,6.5
Mike and Dave Need Wedding Dates,13009673,46009673,33000000,6
Pete's Dragon,11233151,76233151,65000000,6.7
Dirty Grandpa,10593113,35593113,25000000,5.9
Office Christmas Party,9767494,54767494,45000000,5.8
How to Be Single,8843513,46843513,38000000,6.1
"Hail, Caesar!",8498085,30498085,22000000,6.3
Meet the Blacks,8197072,9097072,900000,4.8
Mother's Day,7492859,32492859,25000000,5.7
The Birth of a Nation,7361566,15861566,8500000,6.4
The Darkness,6753574,10753574,4000000,4.4
Fifty Shades of Black,6686940,11686940,5000000,3.5
Keanu,5591853,20591853,15000000,6.2
The Edge of Seventeen,5431633,14431633,9000000,7.3
The Belko Experiment,5166820,10166820,5000000,6.1
Jackie,4960394,13960394,9000000,6.7
The Magnificent Seven,3432655,93432655,90000000,6.9
War Dogs,3034523,43034523,40000000,7.1
13 Hours,2853219,52853219,50000000,7.3
Storks,2679278,72679278,70000000,6.8
London Has Fallen,2524260,62524260,60000000,5.9
Swiss Army Man,1210454,4210454,3000000,7
Batman: The Killing Joke,275000,3775000,3500000,6.4
Incarnate,-200226,4799774,5000000,5.3
31,-720180,779820,1500000,5.1
Bleed for This,-916094,5083906,6000000,6.8
Loving,-1248031,7751969,9000000,7
Jack Reacher: Never Go Back,-1302924,58697076,60000000,6.1
20th Century Women,-1335236,5664764,7000000,7.3
Kung Fu Panda 3,-1471381,143528619,145000000,7.1
Beta Test,-1589896,10104,1600000,5.7
The Hollars,-2783015,1016985,3800000,6.5
Paterson,-2847262,2152738,5000000,7.4
The 5th Wave,-3083213,34916787,38000000,5.2
Shut In,-3099665,6900335,10000000,4.8
Morgan,-4084749,3915251,8000000,5.8
Underworld: Blood Wars,-4646027,30353973,35000000,5.8
Collateral Beauty,-4983979,31016021,36000000,6.8
The Neon Demon,-5666876,1333124,7000000,6.2
The Bad Batch,-5819149,180851,6000000,5.3
Denial,-5926511,4073489,10000000,6.7
Queen of Katwe,-6125611,8874389,15000000,7.4
Max Steel,-6181336,3818664,10000000,4.6
Everybody Wants Some!!,-6599722,3400278,10000000,6.9
Mr. Church,-7314220,685780,8000000,7.6
Triple 9,-7360703,12639297,20000000,6.3
The Light Between Oceans,-7454021,12545979,20000000,7.2
Masterminds,-7631978,17368022,25000000,5.8
Bad Santa 2,-8217822,17782178,26000000,5.6
Miss Sloane,-9499395,3500605,13000000,7.5
Passengers,-9985301,100014699,110000000,7
Popstar: Never Stop Never Stopping,-10360875,9639125,20000000,6.7
Bridget Jones's Baby,-10747580,24252420,35000000,6.5
Nocturnal Animals,-11836643,10663357,22500000,7.5
Whiskey Tango Foxtrot,-11916666,23083334,35000000,6.6
Colossal,-11970713,3029287,15000000,6.2
Kubo and the Two Strings,-11976912,48023088,60000000,7.8
The Founder,-12213947,12786053,25000000,7.2
The Infiltrator,-12563192,15436808,28000000,7
Gold,-12772962,7227038,20000000,6.7
Patriots Day,-13113639,31886361,45000000,7.4
Resident Evil: The Final Chapter,-13169932,26830068,40000000,5.5
The Nice Guys,-13738237,36261763,50000000,7.4
Midnight Special,-14287718,3712282,18000000,6.6
Hands of Stone,-15287208,4712792,20000000,6.6
Ghostbusters,-15649426,128350574,144000000,5.2
Criminal,-16791304,14708696,31500000,6.3
Pride and Prejudice and Zombies,-17061866,10938134,28000000,5.8
Snowden,-18412481,21587519,40000000,7.3
Mechanic: Resurrection,-18781597,21218403,40000000,5.7
Caf√© Society,-18896795,11103205,30000000,6.6
Collide,-19219996,2280004,21500000,5.7
Bastille Day,-19949731,50269,20000000,6.3
Zoolander 2,-21151307,28848693,50000000,4.7
The Lost City of Z,-21419590,8580410,30000000,6.6
X-Men: Apocalypse,-22557511,155442489,178000000,6.9
Miss Peregrine's Home for Peculiar Children,-22757166,87242834,110000000,6.7
Now You See Me 2,-24924460,65075540,90000000,6.5
Keeping Up with the Joneses,-25095574,14904426,40000000,5.9
A Hologram for the King,-25787506,4212494,30000000,6.1
Star Trek Beyond,-26151660,158848340,185000000,7.1
Grimsby,-28125163,6874837,35000000,6.2
Free State of Jones,-29189964,20810036,50000000,6.9
All I See Is You,-29782356,217644,30000000,5.4
A Cure for Wellness,-31893014,8106986,40000000,6.4
Billy Lynn's Long Halftime Walk,-38261523,1738477,40000000,6.2
Silence,-38899823,7100177,46000000,7.2
A Monster Calls,-39259177,3740823,43000000,7.5
Inferno,-40656426,34343574,75000000,6.2
Ice Age: Collision Course,-40936992,64063008,105000000,5.7
Allegiant,-43815949,66184051,110000000,5.7
Allied,-44901936,40098064,85000000,7.1
Deepwater Horizon,-48566473,61433527,110000000,7.1
The Finest Hours,-52430442,27569558,80000000,6.8
Teenage Mutant Ninja Turtles: Out of the Shadows,-52948399,82051601,135000000,6
The Legend of Tarzan,-53356939,126643061,180000000,6.2
Independence Day: Resurgence,-61855714,103144286,165000000,5.2
The Huntsman: Winter's War,-66609810,48390190,115000000,6.1
Assassin's Creed,-70352052,54647948,125000000,5.7
Ben-Hur,-73589523,26410477,100000000,5.7
The Promise,-81775712,8224288,90000000,6
The BFG,-84516230,55483770,140000000,6.4
Alice Through the Looking Glass,-92958619,77041381,170000000,6.2
Live by Night,-97621445,10378555,108000000,6.4
The Great Wall,-104459170,45540830,150000000,5.9
Gods of Egypt,-108846536,31153464,140000000,5.4
Warcraft,-112634710,47365290,160000000,6.8
2017,2902241972,10317141972,7414900000,835
Beauty and the Beast,344481165,504481165,160000000,7.1
Jumanji: Welcome to the Jungle,314540171,404540171,90000000,6.9
Star Wars: Episode VIII - The Last Jedi,303181382,620181382,317000000,7
It,293828874,328828874,35000000,7.3
Wonder Woman,263563408,412563408,149000000,7.4
Guardians of the Galaxy Vol. 2,189813101,389813101,200000000,7.6
Despicable Me 3,184624300,264624300,80000000,6.3
Get Out,171540665,176040665,4500000,7.7
Spider-Man: Homecoming,159201140,334201140,175000000,7.4
Thor: Ragnarok,135058289,315058289,180000000,7.9
Logan,129277068,226277068,97000000,8.1
Wonder,112422809,132422809,20000000,8
Girls Trip,96171585,115171585,19000000,6.2
The Lego Batman Movie,95750384,175750384,80000000,7.3
The Greatest Showman,90340174,174340174,84000000,7.6
Dunkirk,89740665,189740665,100000000,7.9
Annabelle: Creation,87092201,102092201,15000000,6.5
Baby Driver,73825862,107825862,34000000,7.6
The Upside,70752517,108252517,37500000,6.9
Pitch Perfect 3,59897530,104897530,45000000,5.8
Fifty Shades Darker,59581250,114581250,55000000,4.6
John Wick: Chapter 2,52029184,92029184,40000000,7.5
Happy Death Day,50883845,55683845,4800000,6.6
The Boss Baby,50003033,175003033,125000000,6.3
Murder on the Orient Express,47826543,102826543,55000000,6.5
The Hitman's Bodyguard,45468583,75468583,30000000,6.9
The Shape of Water,44459435,63859435,19400000,7.3
A Bad Moms Christmas,44110659,72110659,28000000,5.6
A Dog's Purpose,42508620,64508620,22000000,7.2
"Three Billboards Outside Ebbing, Missouri",39513740,54513740,15000000,8.2
Lady Bird,38958273,48958273,10000000,7.4
The Big Sick,37873127,42873127,5000000,7.5
The Shack,37386418,57386418,20000000,6.3
The Emoji Movie,36089513,86089513,50000000,3.3
Captain Underpants: The First Epic Movie,35921000,73921000,38000000,6.2
Daddy's Home 2,35029443,104029443,69000000,6
Coco,34726015,209726015,175000000,8.4
The Post,31903458,81903458,50000000,7.2
Jigsaw,28052832,38052832,10000000,5.8
Darkest Hour,26468410,56468410,30000000,7.4
"Everything, Everything",24121140,34121140,10000000,6.4
Wind River,22800859,33800859,11000000,7.7
How to Be a Latin Lover,22149404,32149404,10000000,6
Atomic Blonde,21687870,51687870,30000000,6.7
Going in Style,20018541,45018541,25000000,6.6
"I, Tonya",19014539,30014539,11000000,7.5
Gifted,17801212,24801212,7000000,7.6
Home Again,15020284,27020284,12000000,5.8
The Bye Bye Man,14995806,22395806,7400000,4.2
The Disaster Artist,11120616,21120616,10000000,7.4
Fist Fight,10187017,32187017,22000000,5.6
Kidnap,9971040,30971040,21000000,5.9
It Comes at Night,8985117,13985117,5000000,6.2
The Glass Castle,8273059,17273059,9000000,7.1
Before I Fall,7241122,12241122,5000000,6.4
All Eyez on Me,4922302,44922302,40000000,5.8
Chappaquiddick,4395520,17395520,13000000,6.5
The Florida Project,3904366,5904366,2000000,7.6
Snatched,3852178,45852178,42000000,4.5
American Assassin,3249674,36249674,33000000,6.2
Rings,2793018,27793018,25000000,4.5
The Circle,2497844,20497844,18000000,5.3
Wish Upon,2301505,14301505,12000000,5
Rough Night,2105643,22105643,20000000,5.2
A Ghost Story,1496371,1596371,100000,6.9
American Made,1342000,51342000,50000000,7.2
Paddington 2,891591,40891591,40000000,7.8
The Beguiled,209995,10709995,10500000,6.3
The Foreigner,-606493,34393507,35000000,7
Unforgettable,-631988,11368012,12000000,5.1
Logan Lucky,-1219023,27780977,29000000,7
Molly's Game,-1219256,28780744,30000000,7.4
Table 19,-1385104,3614896,5000000,5.8
Marshall,-1948341,10051659,12000000,7.2
Flatliners,-2116885,16883115,19000000,5.2
The Zookeeper's Wife,-2428340,17571660,20000000,7
Good Time,-2473501,2026499,4500000,7.4
Disobedience,-2501218,3498782,6000000,6.6
Thoroughbreds,-2927395,3072605,6000000,6.7
War for the Planet of the Apes,-3119838,146880162,150000000,7.4
Kingsman: The Golden Circle,-3765162,100234838,104000000,6.7
The Mountain Between Us,-4651445,30348555,35000000,6.4
The Death of Stalin,-4952144,8047856,13000000,7.2
The Vault,-4994272,5728,5000000,4.8
The Book of Henry,-5495026,4504974,10000000,6.6
CHIPS,-6399848,18600152,25000000,6
Father Figures,-7498756,17501244,25000000,5.5
Hostiles,-9180886,29819114,39000000,7.2
Sleepless,-9216296,20783704,30000000,5.6
The Dark Tower,-9298675,50701325,60000000,5.6
"Roman J. Israel, Esq.",-10037222,11962778,22000000,6.5
Thank You for Your Service,-10463700,9536300,20000000,6.5
The Lego Ninjago Movie,-10718445,59281555,70000000,6
Baywatch,-10939814,58060186,69000000,5.5
Mother!,-12199996,17800004,30000000,6.6
Battle of the Sexes,-12361474,12638526,25000000,6.7
Phantom Thread,-13801795,21198205,35000000,7.5
The House,-14415496,25584504,40000000,5.6
Power Rangers,-14635550,85364450,100000000,5.9
Smurfs: The Lost Village,-14979718,45020282,60000000,6
Kong: Skull Island,-16947188,168052812,185000000,6.6
Detroit,-17209861,16790139,34000000,7.3
Suburbicon,-19224822,5775178,25000000,5.7
Only the Brave,-19656017,18343983,38000000,7.6
Cars 3,-22098885,152901115,175000000,6.7
The Space Between Us,-22114706,7885294,30000000,6.4
Tulip Fever,-22544365,2455635,25000000,6.2
Alien: Covenant,-22737969,74262031,97000000,6.4
Wonder Wheel,-23595939,1404061,25000000,6.2
The Fate of the Furious,-23991615,226008385,250000000,6.7
The Current War,-24020460,5979540,30000000,6.5
All the Money in the World,-24886293,25113707,50000000,6.8
Stronger,-25788871,4211129,30000000,6.9
Ferdinand,-26589620,84410380,111000000,6.7
Life,-27765978,30234022,58000000,6.6
The Snowman,-28299965,6700035,35000000,5.1
The Ottoman Lieutenant,-39759022,240978,40000000,6.6
xXx: Return of Xander Cage,-40101587,44898413,85000000,5.2
Downsizing,-43550246,24449754,68000000,5.7
The Mummy,-44772105,80227895,125000000,5.4
Pirates of the Caribbean: Dead Men Tell No Tales,-57441124,172558876,230000000,6.6
Blade Runner 2049,-57945841,92054159,150000000,8
Ghost in the Shell,-69436443,40563557,110000000,6.3
Justice League,-70975705,229024295,300000000,6.3
Geostorm,-86299840,33700160,120000000,5.3
Transformers: The Last Knight,-86831317,130168683,217000000,5.2
King Arthur: Legend of the Sword,-135824934,39175066,175000000,6.7
Valerian and the City of a Thousand Planets,-136010512,41189488,177200000,6.5
2018,3912095127,10731775127,6819680000,857.1
Black Panther,500426566,700426566,200000000,7.3
Incredibles 2,408581744,608581744,200000000,7.6
Avengers: Infinity War,357815482,678815482,321000000,8.4
Jurassic World: Fallen Kingdom,247719760,417719760,170000000,6.2
Deadpool 2,214591735,324591735,110000000,7.7
The Grinch,195620950,270620950,75000000,6.3
A Star Is Born,179288866,215288866,36000000,7.7
Aquaman,175061807,335061807,160000000,6.9
A Quiet Place,171024361,188024361,17000000,7.5
Bohemian Rhapsody,164668042,216668042,52000000,8
Halloween,149342015,159342015,10000000,6.6
Crazy Rich Asians,144532921,174532921,30000000,6.9
Venom,113515506,213515506,100000000,6.7
Spider-Man: Into the Spider-Verse,100241310,190241310,90000000,8.4
The Nun,95450119,117450119,22000000,5.3
Hotel Transylvania 3: Summer Vacation,87510016,167510016,80000000,6.3
I Can Only Imagine,76482352,83482352,7000000,7.3
Ocean's Eight,70218711,140218711,70000000,6.2
Creed II,65715889,115715889,50000000,7.1
Peter Rabbit,65253424,115253424,50000000,6.6
Green Book,62080171,85080171,23000000,8.2
Book Club,58566296,68566296,10000000,6.1
Insidious: The Last Key,57745330,67745330,10000000,5.7
The First Purge,56488745,69488745,13000000,5.2
Ant-Man and the Wasp,54648740,216648740,162000000,7.1
The Mule,53804407,103804407,50000000,7
Night School,48339130,77339130,29000000,5.6
Mamma Mia! Here We Go Again,45634935,120634935,75000000,6.6
Fifty Shades Freed,45407760,100407760,55000000,4.5
Mission: Impossible - Fallout,42159104,220159104,178000000,7.7
Mary Poppins Returns,41958438,171958438,130000000,6.7
Breaking In,40840590,46840590,6000000,5.4
The Equalizer 2,40084362,102084362,62000000,6.7
Blockers,39311495,60311495,21000000,6.2
Overboard,38316123,50316123,12000000,6
Truth or Dare,37911015,41411015,3500000,5.2
BlacKkKlansman,34275340,49275340,15000000,7.5
Hereditary,34069456,44069456,10000000,7.3
A Simple Favor,33548586,53548586,20000000,6.8
Game Night,32179066,69179066,37000000,6.9
Tag,26730625,54730625,28000000,6.5
The House with a Clock in Its Walls,26549695,68549695,42000000,6
Ralph Breaks the Internet,26091711,201091711,175000000,7.1
Searching,25140957,26020957,880000,7.6
Christopher Robin,24215042,99215042,75000000,7.3
"Love, Simon",23826341,40826341,17000000,7.6
Uncle Drew,23469946,42469946,19000000,5.7
Second Act,23282227,39282227,16000000,5.8
Life of the Party,23059911,53059911,30000000,5.6
Winchester,21591816,25091816,3500000,5.4
Slender Man,20569484,30569484,10000000,3.2
Teen Titans Go! To the Movies,19790236,29790236,10000000,6.8
The Strangers: Prey at Night,19586708,24586708,5000000,5.2
The Favourite,19366783,34366783,15000000,7.5
Instant Family,19363237,67363237,48000000,7.3
Super Troopers 2,17117396,30617396,13500000,6
I Feel Pretty,16795601,48795601,32000000,5.5
The Meg,15443742,145443742,130000000,5.6
Sicario: Day of the Soldado,15072235,50072235,35000000,7.1
Den of Thieves,14947622,44947622,30000000,7
Sorry to Bother You,14293096,17493096,3200000,6.9
Forever My Girl,12876066,16376066,3500000,6.7
Goosebumps 2: Haunted Halloween,11700633,46700633,35000000,5.6
Eighth Grade,11539709,13539709,2000000,7.4
Peppermint,10418723,35418723,25000000,6.5
Unfriended: Dark Web,7866745,8866745,1000000,5.9
The Possession of Hannah Grace,7137422,14837422,7700000,5.2
Upgrade,6977130,11977130,5000000,7.5
Midnight Sun,6761064,9561064,2800000,6.6
The Hate U Give,6719483,29719483,23000000,7.4
The Commuter,6343858,36343858,30000000,6.3
The 15:17 to Paris,6276286,36276286,30000000,5.2
Unsane,6232899,7732899,1500000,6.4
Mid90s,5662439,7362439,1700000,7.4
Hell Fest,5607431,11107431,5500000,5.5
Traffik,5186156,9186156,4000000,6
On the Basis of Sex,4622687,24622687,20000000,7
Death Wish,4017028,34017028,30000000,6.4
Smallfoot,3240103,83240103,80000000,6.6
If Beale Street Could Talk,2915773,14915773,12000000,7.1
Every Day,1202076,6102076,4900000,6.4
A Wrinkle in Time,478608,100478608,100000000,4.2
Widows,402632,42402632,42000000,6.9
Can You Ever Forgive Me?,-1196135,8803865,10000000,7.1
Adrift,-3554988,31445012,35000000,6.6
Tully,-3630245,9369755,13000000,7
Maze Runner: The Death Cure,-3967557,58032443,62000000,6.2
Boy Erased,-4211308,6788692,11000000,6.9
Stan & Ollie,-4529765,5470235,10000000,7.2
White Boy Rick,-4988812,24011188,29000000,6.4
Assassination Nation,-4994858,2005142,7000000,5.9
Gotti,-5656773,4343227,10000000,4.8
Life Itself,-5897352,4102648,10000000,6.8
Operation Finale,-6387901,17612099,24000000,6.6
The Spy Who Dumped Me,-6437931,33562069,40000000,6
Destroyer,-7466676,1533324,9000000,6.2
Bumblebee,-7804411,127195589,135000000,6.8
Hotel Artemis,-8291853,6708147,15000000,6.1
Under the Silver Lake,-8453917,46083,8500000,6.5
Mary Queen of Scots,-8531501,16468499,25000000,6.3
Ben Is Back,-9296816,3703184,13000000,6.7
Holmes & Watson,-11426374,30573626,42000000,3.8
Vice,-12163718,47836282,60000000,7.2
Mile 22,-13891242,36108758,50000000,6.1
First Man,-14063455,44936545,59000000,7.3
Bad Times at the El Royale,-14160885,17839115,32000000,7.1
Billionaire Boys Club,-14998651,1349,15000000,5.6
Alpha,-15142819,35857181,51000000,6.7
Overlord,-16295156,21704844,38000000,6.6
Beautiful Boy,-17350027,7649973,25000000,7.3
Suspiria,-17516528,2483472,20000000,6.8
Rampage,-18971767,101028233,120000000,6.1
The Happytime Murders,-19293548,20706452,40000000,5.4
Johnny English Strikes Again,-20587830,4412170,25000000,6.2
The Darkest Minds,-21304309,12695691,34000000,5.7
Red Sparrow,-22125495,46874505,69000000,6.6
Hunter Killer,-24232540,15767460,40000000,6.6
Kin,-24281904,5718096,30000000,5.8
Replicas,-25953571,4046429,30000000,5.5
The Girl in the Spider's Web,-28158662,14841338,43000000,6.1
Welcome to Marwen,-28236480,10763520,39000000,6.2
Les fr√®res Sisters,-34856944,3143056,38000000,7
Tomb Raider,-35749197,58250803,94000000,6.3
The Predator,-36975292,51024708,88000000,5.3
Ready Player One,-37309828,137690172,175000000,7.5
Fantastic Beasts: The Crimes of Grindelwald,-40444099,159555901,200000000,6.6
Early Man,-41732456,8267544,50000000,6.1
Skyscraper,-56579880,68420120,125000000,5.8
Solo: A Star Wars Story,-61232488,213767512,275000000,6.9
The Nutcracker and the Four Realms,-65141149,54858851,120000000,5.5
Robin Hood,-69175372,30824628,100000000,5.3
Mortal Engines,-84048960,15951040,100000000,6.1
Pacific Rim: Uprising,-90125475,59874525,150000000,5.6
2019,3683305230,10455105230,6771800000,739.5
Avengers: Endgame,502373000,858373000,356000000,8.4
Frozen II,327373578,477373578,150000000,6.9
The Lion King,283638043,543638043,260000000,6.9
Joker,280451311,335451311,55000000,8.5
Captain Marvel,266829839,426829839,160000000,6.9
Star Wars: Episode IX - The Rise of Skywalker,240202542,515202542,275000000,6.6
Toy Story 4,234038008,434038008,200000000,7.8
Spider-Man: Far from Home,230532085,390532085,160000000,7.5
Jumanji: The Next Level,191831246,316831246,125000000,6.7
Aladdin,172559216,355559216,183000000,7
Us,155084580,175084580,20000000,6.9
It Chapter Two,132593228,211593228,79000000,6.5
Knives Out,125363234,165363234,40000000,7.9
John Wick: Chapter 3 - Parabellum,96015687,171015687,75000000,7.5
Glass,91048468,111048468,20000000,6.7
Hustlers,84963598,104963598,20000000,6.3
Downton Abbey,83854135,96854135,13000000,7.4
The Secret Life of Pets 2,78874395,158874395,80000000,6.5
The Addams Family,76044905,100044905,24000000,5.8
Little Women,68101214,108101214,40000000,7.8
1917,64227644,159227644,95000000,8.3
Good Boys,63140306,83140306,20000000,6.7
Rocketman,56368160,96368160,40000000,7.3
Once Upon a Time... in Hollywood,52502728,142502728,90000000,7.6
Escape Room,48005601,57005601,9000000,6.3
Yesterday,47286650,73286650,26000000,6.8
The Curse of la Llorona,45733739,54733739,9000000,5.3
Annabelle Comes Home,44152591,74152591,30000000,5.9
Scary Stories to Tell in the Dark,43947075,68947075,25000000,6.2
Ma,40896028,45896028,5000000,5.6
Shazam!,40371656,140371656,100000000,7.1
Five Feet Apart,38729221,45729221,7000000,7.2
A Beautiful Day in the Neighborhood,36704055,61704055,25000000,7.3
What Men Want,34611903,54611903,20000000,5.2
Pet Sematary,33724696,54724696,21000000,5.7
How to Train Your Dragon: The Hidden World,31799505,160799505,129000000,7.5
Zombieland: Double Tap,31123082,73123082,42000000,6.7
Uncut Gems,31023780,50023780,19000000,7.4
Angel Has Fallen,29030436,69030436,40000000,6.4
The Intruder,27419122,35419122,8000000,5.6
Harriet,26082155,43082155,17000000,6.5
Queen & Slim,25808310,43808310,18000000,7.1
Crawl,25514193,39014193,13500000,6.2
A Dog's Way Home,24004346,42004346,18000000,6.7
Ready or Not,22714231,28714231,6000000,6.8
Ford v Ferrari,20024357,117624357,97600000,8.1
Jojo Rabbit,19370906,33370906,14000000,7.9
Child's Play,19208403,29208403,10000000,5.8
Happy Death Day 2U,19148130,28148130,9000000,6.2
Countdown,19121766,25621766,6500000,5.4
Midsommar,18426361,27426361,9000000,7.1
Isn't It Romantic,17791187,48791187,31000000,5.9
Booksmart,16680962,22680962,6000000,7.2
The Gentlemen,14471795,36471795,22000000,7.9
The Hustle,14417038,35417038,21000000,5.4
The Peanut Butter Falcon,14257151,20457151,6200000,7.6
Unplanned,13005109,19005109,6000000,5.8
Fighting with My Family,11958886,22958886,11000000,7.1
Late Night,11499454,15499454,4000000,6.5
Dora and the Lost City of Gold,11477943,60477943,49000000,6.1
Brightburn,11300439,17300439,6000000,6.1
Just Mercy,11001502,36001502,25000000,7.6
47 Meters Down: Uncaged,10260900,22260900,12000000,5
Last Christmas,10150750,35150750,25000000,6.5
Black and Blue,10055313,22055313,12000000,6.3
The Prodigy,8856291,14856291,6000000,5.8
The Art of Racing in the Rain,8395642,26395642,18000000,7.6
The Good Liar,7156058,17156058,10000000,6.6
The Lego Movie 2: The Second Part,6806508,105806508,99000000,6.6
A Dog's Journey,6782371,22782371,16000000,7.5
Stuber,6370452,22370452,16000000,6.2
Jexi,1546159,6546159,5000000,6.1
Bombshell,-237192,31762808,32000000,6.8
3 from Hell,-827051,2172949,3000000,5.5
The Beach Bum,-1497400,3502600,5000000,5.5
After,-1861435,12138565,14000000,5.4
Blinded by the Light,-3098855,11901145,15000000,6.9
21 Bridges,-4460243,28539757,33000000,6.6
Rambo: Last Blood,-5180648,44819352,50000000,6.1
Color Out of Space,-5234439,765561,6000000,6.2
Jay and Silent Bob Reboot,-5410510,4589490,10000000,5.7
Pok√©mon: Detective Pikachu,-5894654,144105346,150000000,6.6
Long Shot,-9683729,30316271,40000000,6.8
"Where'd You Go, Bernadette",-10801644,9198356,20000000,6.5
Doctor Sleep,-13418288,31581712,45000000,7.4
Shaft,-13639785,21360215,35000000,6.4
Abominable,-14283610,60716390,75000000,7
Tolkien,-15464846,4535154,20000000,6.8
Serenity,-16452955,8547045,25000000,5.4
Motherless Brooklyn,-16722264,9277736,26000000,6.8
Captive State,-19041685,5958315,25000000,6
Richard Jewell,-22654458,22345542,45000000,7.5
The Angry Birds Movie 2,-23332884,41667116,65000000,6.4
The Kitchen,-25819968,12180032,38000000,5.5
Fast & Furious Presents: Hobbs & Shaw,-26043065,173956935,200000000,6.4
Cold Pursuit,-27861138,32138862,60000000,6.2
Hellboy,-28096252,21903748,50000000,5.2
Men in Black: International,-29998193,80001807,110000000,5.6
Charlie's Angels,-30196923,17803077,48000000,4.7
Spies in Disguise,-33242987,66757013,100000000,6.8
The Goldfinch,-39667379,5332621,45000000,6.3
Ad Astra,-39811630,50188370,90000000,6.6
The Kid Who Would Be King,-42209210,16790790,59000000,6
Midway,-43153198,56846802,100000000,6.7
Dumbo,-55233693,114766307,170000000,6.3
Godzilla: King of the Monsters,-59499862,110500138,170000000,6
Cats,-67833230,27166770,95000000,2.8
Maleficent: Mistress of Evil,-71070395,113929605,185000000,6.6
Missing Link,-83350461,16649539,100000000,6.7
Alita: Battle Angel,-84289790,85710210,170000000,7.3
Gemini Man,-89453230,48546770,138000000,5.7
Terminator: Dark Fate,-122746923,62253077,185000000,6.2
Dark Phoenix,-134154026,65845974,200000000,5.8
2020,-2417127,735082873,737500000,71.1
Bad Boys for Life,114417855,204417855,90000000,6.6
Sonic the Hedgehog,61066470,146066470,85000000,6.5
The Invisible Man,57914050,64914050,7000000,7.1
Fantasy Island,19441782,26441782,7000000,4.9
The Grudge,11221803,21221803,10000000,4.2
Gretel & Hansel,10347654,15347654,5000000,5.3
Birds of Prey: And the Fantabulous Emancipation of One Harley Quinn,-341539,84158461,84500000,6.1
The Hunt,-8187500,5812500,14000000,6.5
Bloodshot,-34978213,10021787,45000000,5.7
Underwater,-62708922,17291078,80000000,5.8
The Call of the Wild,-72657632,62342368,135000000,6.8
Dolittle,-97952935,77047065,175000000,5.6
Grand Total,42444968504,1.86447E+11,1.44002E+11,19536.2